0 9.85121126943666 9.86960440108936
1 39.1847852966239 39.4784176043574
2 87.3454585100663 88.8264396098042
3 153.257401053292 157.91367041743
4 235.448249046093 246.740110027234
5 332.081994760597 355.305758439217

     0.726      0.559      0.292     0.0304      0.817 
     0.559      0.906      0.467      0.862      0.848 
     0.292      0.467      0.633      0.995      0.992 
    0.0304      0.862      0.995      0.677     0.0326 
     0.817      0.848      0.992     0.0326        0.7 

    -0.924   1.94e-16   6.53e-13   3.39e-15  -3.33e-16 
  2.43e-16    -0.0436  -1.12e-13    3.3e-17  -3.33e-10 
  6.53e-13  -1.12e-13      0.368   4.16e-17  -4.71e-10 
  3.36e-15  -5.55e-17          0       1.08   7.84e-12 
 -4.44e-16  -3.33e-10  -4.71e-10   7.84e-12       3.16 
    -0.924    -0.0436      0.368       1.08       3.16 
The time for diagonalization of size 100 matrix was: 00:00:00.0406450
The time for diagonalization of size 1000 matrix was: 00:00:47.9073340
