0 0 0 0
10000 0.521104614682349 0.0614069205504892 0.01
20000 0.41946839919137 0.04022929494049 0.00707106781186548
30000 0.474834429763631 0.0151367356317706 0.00577350269189626
40000 0.457958984994969 0.00173870913689134 0.005
50000 0.468326075984822 0.00862838185296189 0.00447213595499958
60000 0.453900127955348 0.00579756617651273 0.00408248290463863
70000 0.454282551768252 0.00541514236360846 0.00377964473009227
80000 0.462038371738617 0.00234067760675682 0.00353553390593274
90000 0.455677624375477 0.0040200697563828 0.00333333333333333
100000 0.457478659710549 0.00221903442131133 0.00316227766016838
110000 0.461565089529255 0.00186739539739511 0.00301511344577764
120000 0.460957366248312 0.00125967211645167 0.00288675134594813
130000 0.453958669687401 0.00573902444445917 0.00277350098112615
140000 0.460393908735818 0.00069621460395769 0.00267261241912424
150000 0.459008581003192 0.000689113128668539 0.00258198889747161
160000 0.456999283055453 0.00269841107640745 0.0025
170000 0.457701469183109 0.00199622494875107 0.00242535625036333
180000 0.461309797784599 0.00161210365273912 0.00235702260395516
190000 0.460119538485855 0.000421844353994838 0.00229415733870562
200000 0.461905659656455 0.00220796552459429 0.00223606797749979
210000 0.457788038079251 0.0019096560526089 0.00218217890235992
220000 0.46094603096396 0.00124833683209952 0.0021320071635561
230000 0.461683326755423 0.00198563262356222 0.00208514414057075
240000 0.460142362026498 0.000444667894637207 0.00204124145231931
250000 0.458636818653192 0.00106087547866829 0.002
260000 0.460983536113483 0.00128584198162268 0.00196116135138184
270000 0.460030528546202 0.000332834414341565 0.00192450089729875
280000 0.459036307964765 0.000661386167095768 0.00188982236504614
290000 0.459359248314224 0.000338445817636535 0.00185695338177052
300000 0.457101584680197 0.00259610945166355 0.00182574185835055
310000 0.459157411416872 0.000540282714988682 0.00179605302026775
320000 0.45895474359131 0.000742950540550735 0.00176776695296637
330000 0.458811309553961 0.000886384577898802 0.00174077655955698
340000 0.45924035582723 0.000457338304630184 0.00171498585142509
350000 0.459450125584977 0.000247568546882848 0.00169030850945703
360000 0.458828997039563 0.000868697092297643 0.00166666666666667
370000 0.459821614841602 0.000123920709741931 0.00164398987305357
380000 0.457419990974114 0.00227770315774611 0.00162221421130763
390000 0.460883716012964 0.00118602188110412 0.00160128153805087
400000 0.461179496273541 0.00148180214168064 0.00158113883008419
410000 0.458122223503391 0.00157547062846947 0.00156173761888606
420000 0.458823039492151 0.00087465463970976 0.00154303349962092
430000 0.45889563883203 0.000802055299830684 0.00152498570332605
440000 0.459463547744384 0.00023414638747643 0.00150755672288882
450000 0.45925682587755 0.000440868254310778 0.00149071198499986
460000 0.460059876001163 0.000362181869303035 0.00147441956154897
470000 0.459922727904936 0.000225033773075978 0.00145864991497895
480000 0.460037397786703 0.000339703654842816 0.00144337567297406
490000 0.460107592750549 0.000409898618688287 0.00142857142857143
500000 0.457842690967492 0.00185500316436815 0.0014142135623731
510000 0.458296805356483 0.00140088877537764 0.00140028008402801
520000 0.459783056556323 8.53624244624429E-05 0.00138675049056307
530000 0.458090111356391 0.00160758277546946 0.00137360563948689
540000 0.458995422463184 0.000702271668676757 0.00136082763487954
550000 0.459440436050698 0.000257258081162115 0.00134839972492648
560000 0.459042026324174 0.000655667807686722 0.00133630620956212
570000 0.459571311733119 0.000126382398741243 0.00132453235706504
580000 0.458884575650501 0.000813118481359787 0.00131306432859723
590000 0.460421417820625 0.000723723688764943 0.00130188910980824
600000 0.460141656840853 0.000443962708992329 0.00129099444873581
610000 0.459446313238305 0.000251380893555697 0.00128036879932896
620000 0.458766031640654 0.000931662491206131 0.0012700012700019
630000 0.460355428556675 0.000657734424814538 0.00125988157669742
640000 0.457997983354948 0.00169971077691233 0.00125
650000 0.459590491295503 0.000107202836357179 0.00124034734589208
660000 0.458625630907137 0.00107206322472314 0.00123091490979333
670000 0.460369114565682 0.000671420433821235 0.00122169444356305
680000 0.458385211815048 0.00131248231681197 0.00121267812518166
690000 0.459078824611892 0.000618869519967813 0.00120385853085769
700000 0.459137775287193 0.000559918844667606 0.00119522860933439
710000 0.460453639530196 0.000755945398335234 0.00118678165819385
720000 0.459187806840777 0.0005098872910832 0.00117851130197758
730000 0.459070415147247 0.000627278984613067 0.00117041147196131
740000 0.459372831969093 0.000324862162767281 0.00116247638743819
750000 0.458403608074882 0.00129408605697784 0.00115470053837925
760000 0.459495968773305 0.00020172535855506 0.00114707866935281
770000 0.460268888630286 0.000571194498425853 0.00113960576459638
780000 0.459314863186809 0.00038283094505176 0.0011322770341446
790000 0.45865302313413 0.00104467099773009 0.00112508790092602
800000 0.459448837597665 0.000248856534195041 0.00111803398874989
810000 0.459473492702791 0.000224201429069482 0.00111111111111111
820000 0.459835160045551 0.00013746591369096 0.00110431526074847
830000 0.459094307162853 0.000603386969007635 0.0010976425998969
840000 0.459664838415796 3.28557160642062E-05 0.00109108945117996
850000 0.459485062040363 0.000212632091497134 0.00108465228909328
860000 0.459069171414461 0.000628522717399438 0.00107832773203438
870000 0.459122333677036 0.00057536045482437 0.00107211253483779
880000 0.459945197358712 0.000247503226851242 0.00106600358177805
890000 0.45913045065287 0.000567243478990564 0.00105999788000636
900000 0.459445286878827 0.000252407253033549 0.00105409255338946
910000 0.458444153953808 0.00125354017805224 0.00104828483672192
920000 0.45913779744524 0.000559896686620098 0.00104257207028537
930000 0.459552223208526 0.000145470923334612 0.00103695169473043
940000 0.459194747861406 0.000502946270454607 0.00103142124625879
950000 0.459532276113339 0.000165418018521213 0.00102597835208515
960000 0.459184281080519 0.000513413051341616 0.00102062072615966
970000 0.459754462611841 5.67684799805956E-05 0.00101534616513362
980000 0.458842508872348 0.000855185259512226 0.00101015254455221
990000 0.459249264394376 0.000448429737484102 0.00100503781525921
