0 9.99999971718069E-10
0.1 0.112462965622195
0.2 0.222702457858316
0.3 0.328626682729012
0.4 0.428392423467284
0.5 0.520500016304747
0.6 0.603856184849437
0.7 0.677801181856103
0.8 0.742100859742192
0.9 0.796908074913668
1 0.84270068974759
1.1 0.880205043203596
1.2 0.910314035506212
1.3 0.934008062438552
1.4 0.952285258268515
1.5 0.966105266402972
1.6 0.97634845580629
1.7 0.983790470207606
1.8 0.989090453811526
1.9 0.992790333976641
2 0.995322139581219
2.1 0.997020395440758
2.2 0.998137018211188
2.3 0.998856700762316
2.4 0.999311382118005
2.5 0.999592964536606
2.6 0.99976390176522
2.7 0.999865620514704
2.8 0.999924953891055
2.9 0.999958879780397
3 0.999977894851102
3.1 0.999988342042002
3.2 0.999993968516017
3.3 0.999996938872574
3.4 0.999998476023714
3.5 0.999999255782864
3.6 0.999999643522746
3.7 0.999999832520517
3.8 0.999999922824977
3.9 0.99999996512086
4 0.999999984539704
4.1 0.999999993279174
4.2 0.999999997134696
4.3 0.999999998802011
4.4 0.999999999508797
4.5 0.999999999802491
4.6 0.999999999922121
4