0 0
0.314159265358979 0
0.628318530717959 0.0970805519362733
0.942477796076938 0.281738734985319
1.25663706143592 0.535898919601082
1.5707963267949 0.834682136075237
1.88495559215388 1.14884140143422
2.19911485751286 1.44762461790837
2.51327412287183 1.70178480252414
2.82743338823081 1.88644298557318
3.14159265358979 1.98352353750945
3.45575191894877 1.98352353750945
3.76991118430775 1.88644298557318
4.08407044966673 1.70178480252414
4.39822971502571 1.44762461790837
4.71238898038469 1.14884140143422
5.02654824574367 0.834682136075238
5.34070751110265 0.535898919601082
5.65486677646163 0.281738734985319
5.96902604182061 0.0970805519362735
