0 0
0.314159265358979 0.309016994374947
0.628318530717959 0.587785252292473
0.942477796076938 0.809016994374947
1.25663706143592 0.951056516295154
1.5707963267949 1
1.88495559215388 0.951056516295154
2.19911485751286 0.809016994374947
2.51327412287183 0.587785252292473
2.82743338823081 0.309016994374948
3.14159265358979 1.11022302462516E-16
3.45575191894877 -0.309016994374947
3.76991118430775 -0.587785252292473
4.08407044966673 -0.809016994374947
4.39822971502571 -0.951056516295154
4.71238898038469 -1
5.02654824574367 -0.951056516295154
5.34070751110265 -0.809016994374948
5.65486677646163 -0.587785252292473
5.96902604182061 -0.309016994374948
