0 0
0.00628318530717959 0.00628314396555895
0.0125663706143592 0.0125660398833526
0.0188495559215388 0.0188484397154082
0.0251327412287183 0.0251300954433375
0.0314159265358979 0.0314107590781283
0.0376991118430775 0.0376901826699345
0.0439822971502571 0.0439681183178649
0.0502654824574367 0.0502443181797696
0.0565486677646163 0.0565185344820245
0.0628318530717959 0.0627905195293134
0.0691150383789754 0.0690600257144058
0.075398223686155 0.0753268055279327
0.0816814089933346 0.0815906115681575
0.0879645943005142 0.0878511965507432
0.0942477796076938 0.0941083133185143
0.100530964914873 0.100361714851215
0.106814150222053 0.10661115427526
0.113097335529233 0.112856384873482
0.119380520836412 0.11909716009487
0.125663706143592 0.125333233564304
0.131946891450771 0.131564359092282
0.138230076757951 0.137790290684638
0.14451326206513 0.144010782552252
0.15079644737231 0.150225589120757
0.15707963267949 0.156434465040231
0.163362817986669 0.162637165194884
0.169646003293849 0.168833444712734
0.175929188601028 0.175023058975276
0.182212373908208 0.181205763627137
0.188495559215388 0.187381314585725
0.194778744522567 0.19354946805086
0.201061929829747 0.199709980514407
0.207345115136926 0.205862608769881
0.213628300444106 0.212007109922055
0.219911485751285 0.218143241396543
0.226194671058465 0.224270760949381
0.232477856365645 0.230389426676591
0.238761041672824 0.236498997023725
0.245044226980004 0.242599230795407
0.251327412287183 0.248689887164855
0.257610597594363 0.254770725683382
0.263893782901543 0.260841506289897
0.270176968208722 0.266901989320376
0.276460153515902 0.272951935517325
0.282743338823081 0.278991106039229
0.289026524130261 0.285019262469976
0.295309709437441 0.291036166828272
0.30159289474462 0.297041581577035
0.3078760800518 0.303035269632774
0.314159265358979 0.309016994374947
0.320442450666159 0.314986519655305
0.326725635973338 0.320943609807209
0.333008821280518 0.326888029654942
0.339292006587698 0.332819544522987
0.345575191894877 0.338737920245291
0.351858377202057 0.344642923174517
0.358141562509236 0.350534320191259
0.364424747816416 0.356411878713251
0.370707933123596 0.362275366704546
0.376991118430775 0.368124552684678
0.383274303737955 0.3739592057378
0.389557489045134 0.379779095521801
0.395840674352314 0.385583992277396
0.402123859659493 0.391373666837202
0.408407044966673 0.397147890634781
0.414690230273853 0.402906435713663
0.420973415581032 0.408649074736349
0.427256600888212 0.414375580993284
0.433539786195391 0.420085728411806
0.439822971502571 0.425779291565073
0.446106156809751 0.431456045680959
0.45238934211693 0.437115766650933
0.45867252742411 0.442758231038901
0.464955712731289 0.448383216090032
0.471238898038469 0.453990499739547
0.477522083345648 0.459579860621488
0.483805268652828 0.465151078077458
0.490088453960008 0.470703932165332
0.496371639267187 0.476238203667939
0.502654824574367 0.481753674101715
0.508938009881546 0.487250125725332
0.515221195188726 0.492727341548292
0.521504380495906 0.498185105339491
0.527787565803085 0.503623201635761
0.534070751110265 0.509041415750371
0.540353936417445 0.514439533781507
0.546637121724624 0.51981734262071
0.552920307031804 0.525174629961296
0.559203492338984 0.530511184306734
0.565486677646163 0.535826794978997
0.571769862953343 0.541121252126876
0.578053048260523 0.54639434673427
0.584336233567702 0.551645870628431
0.590619418874882 0.556875616488189
0.596902604182061 0.562083377852131
0.603185789489241 0.567268949126757
0.609468974796421 0.572432125594592
0.6157521601036 0.577572703422268
0.62203534541078 0.582690479668577
0.62831853071796 0.587785252292474
0.634601716025139 0.59285682016106
0.640884901332319 0.59790498305752
0.647168086639499 0.602929541689026
0.653451271946678 0.607930297694606
0.659734457253858 0.612907053652977
0.666017642561037 0.617859613090335
0.672300827868217 0.622787780488114
0.678584013175397 0.627691361290702
0.684867198482576 0.632570161913126
0.691150383789756 0.637423989748691
0.697433569096936 0.642252653176586
0.703716754404115 0.647055961569446
0.709999939711295 0.65183372530088
0.716283125018475 0.656585755752958
0.722566310325654 0.661311865323653
0.728849495632834 0.666011867434253
0.735132680940013 0.670685576536721
0.741415866247193 0.675332808121026
0.747699051554373 0.679953378722421
0.753982236861552 0.68454710592869
0.760265422168732 0.68911380838735
0.766548607475912 0.693653305812806
0.772831792783091 0.698165418993474
0.779114978090271 0.702649969798851
0.785398163397451 0.707106781186549
0.79168134870463 0.711535677209287
0.79796453401181 0.715936483021833
0.80424771931899 0.720309024887909
0.810530904626169 0.724653130187048
0.816814089933349 0.728968627421413
0.823097275240528 0.733255346222562
0.829380460547708 0.737513117358176
0.835663645854888 0.741741772738741
0.841946831162067 0.745941145424184
0.848230016469247 0.750111069630461
0.854513201776427 0.754251380736106
0.860796387083606 0.758361915288724
0.867079572390786 0.76244251101145
0.873362757697966 0.766493006809352
0.879645943005145 0.770513242775791
0.885929128312325 0.774503060198736
0.892212313619504 0.778462301567025
0.898495498926684 0.78239081057659
0.904778684233864 0.786288432136621
0.911061869541043 0.790155012375692
0.917345054848223 0.793990398647837
0.923628240155403 0.797794439538573
0.929911425462582 0.801566984870879
0.936194610769762 0.805307885711124
0.942477796076942 0.80901699437495
0.948760981384121 0.812694164433096
0.955044166691301 0.816339250717186
0.961327351998481 0.819952109325454
0.96761053730566 0.82353259762843
0.97389372261284 0.827080574274564
0.980176907920019 0.830595899195815
0.986460093227199 0.834078433613173
0.992743278534379 0.837528040042144
0.999026463841558 0.840944582298171
1.00530964914874 0.844327925502017
1.01159283445592 0.847677936085085
1.0178760197631 0.850994481794694
1.02415920507028 0.854277431699297
1.03044239037746 0.857526656193654
1.03672557568464 0.860742027003946
1.04300876099182 0.863923417192838
1.049291946299 0.867070701164492
1.05557513160618 0.870183754669528
1.06185831691335 0.873262454809922
1.06814150222053 0.876306680043866
1.07442468752771 0.879316310190558
1.08070787283489 0.882291226434956
1.08699105814207 0.885231311332457
1.09327424344925 0.888136448813547
1.09955742875643 0.89100652418837
1.10584061406361 0.893841424151266
1.11212379937079 0.896641036785238
1.11840698467797 0.899405251566373
1.12469016998515 0.902133959368205
1.13097335529233 0.904827052466022
1.13725654059951 0.907484424541119
1.14353972590669 0.910105970684998
1.14982291121387 0.912691587403505
1.15610609652105 0.91524117262092
1.16238928182823 0.917754625683983
1.16867246713541 0.920231847365872
1.17495565244259 0.922672739870117
1.18123883774977 0.92507720683446
1.18752202305695 0.927445153334663
1.19380520836413 0.929776485888253
1.20008839367131 0.932071112458213
1.20637157897849 0.934328942456614
1.21265476428567 0.936549886748194
1.21893794959285 0.938733857653876
1.22522113490003 0.940880768954227
1.2315043202072 0.942990535892866
1.23778750551438 0.945063075179807
1.24407069082156 0.947098304994746
1.25035387612874 0.949096144990296
1.25663706143592 0.951056516295156
1.2629202467431 0.952979341517221
1.26920343205028 0.954864544746645
1.27548661735746 0.956712051558832
1.28176980266464 0.958521789017378
1.28805298797182 0.960293685676945
1.294336173279 0.962027671586088
1.30061935858618 0.963723678290011
1.30690254389336 0.965381638833276
1.31318572920054 0.967001487762437
1.31946891450772 0.968583161128633
1.3257520998149 0.970126596490107
1.33203528512208 0.971631732914676
1.33831847042926 0.973098510982128
1.34460165573644 0.974526872786579
1.35088484104362 0.975916761938749
1.3571680263508 0.977268123568195
1.36345121165798 0.978580904325474
1.36973439696516 0.979855052384248
1.37601758227234 0.981090517443335
1.38230076757952 0.98228725072869
1.3885839528867 0.983445204995331
1.39486713819388 0.984564334529207
1.40115032350106 0.985644595148999
1.40743350880823 0.986685944207869
1.41371669411541 0.987688340595139
1.41999987942259 0.988651744737915
1.42628306472977 0.989576118602652
1.43256625003695 0.990461425696652
1.43884943534413 0.991307631069508
1.44513262065131 0.992114701314479
1.45141580595849 0.992882604569815
1.45769899126567 0.993611310520009
1.46398217657285 0.994300790397
1.47026536188003 0.994951016981301
1.47654854718721 0.995561964603081
1.48283173249439 0.996133609143173
1.48911491780157 0.996665928034031
1.49539810310875 0.997158900260615
1.50168128841593 0.997612506361226
1.50796447372311 0.998026728428272
1.51424765903029 0.998401550108975
1.52053084433747 0.998736956606018
1.52681402964465 0.999032934678125
1.53309721495183 0.99928947264059
1.53938040025901 0.999506560365732
1.54566358556619 0.9996841892833
1.55194677087337 0.999822352380809
1.55822995618055 0.999921044203816
1.56451314148773 0.999980260856137
1.57079632679491 1
1.57707951210209 0.999980260856137
1.58336269740926 0.999921044203816
1.58964588271644 0.999822352380809
1.59592906802362 0.9996841892833
1.6022122533308 0.999506560365731
1.60849543863798 0.999289472640589
1.61477862394516 0.999032934678124
1.62106180925234 0.998736956606017
1.62734499455952 0.998401550108974
1.6336281798667 0.998026728428271
1.63991136517388 0.997612506361225
1.64619455048106 0.997158900260613
1.65247773578824 0.996665928034029
1.65876092109542 0.996133609143172
1.6650441064026 0.995561964603079
1.67132729170978 0.994951016981299
1.67761047701696 0.994300790396998
1.68389366232414 0.993611310520007
1.69017684763132 0.992882604569812
1.6964600329385 0.992114701314477
1.70274321824568 0.991307631069505
1.70902640355286 0.99046142569665
1.71530958886004 0.989576118602649
1.72159277416722 0.988651744737913
1.7278759594744 0.987688340595136
1.73415914478158 0.986685944207866
1.74044233008876 0.985644595148996
1.74672551539594 0.984564334529204
1.75300870070312 0.983445204995328
1.75929188601029 0.982287250728687
1.76557507131747 0.981090517443332
1.77185825662465 0.979855052384245
1.77814144193183 0.97858090432547
1.78442462723901 0.977268123568191
1.79070781254619 0.975916761938745
1.79699099785337 0.974526872786575
1.80327418316055 0.973098510982124
1.80955736846773 0.971631732914671
1.81584055377491 0.970126596490103
1.82212373908209 0.968583161128628
1.82840692438927 0.967001487762432
1.83469010969645 0.965381638833271
1.84097329500363 0.963723678290007
1.84725648031081 0.962027671586083
1.85353966561799 0.96029368567694
1.85982285092517 0.958521789017373
1.86610603623235 0.956712051558827
1.87238922153953 0.95486454474664
1.87867240684671 0.952979341517215
1.88495559215389 0.95105651629515
1.89123877746107 0.949096144990291
1.89752196276825 0.947098304994741
1.90380514807543 0.945063075179801
1.91008833338261 0.942990535892861
1.91637151868979 0.940880768954221
1.92265470399697 0.93873385765387
1.92893788930414 0.936549886748188
1.93522107461132 0.934328942456608
1.9415042599185 0.932071112458207
1.94778744522568 0.929776485888247
1.95407063053286 0.927445153334657
1.96035381584004 0.925077206834453
1.96663700114722 0.92267273987011
1.9729201864544 0.920231847365866
1.97920337176158 0.917754625683976
1.98548655706876 0.915241172620913
1.99176974237594 0.912691587403498
1.99805292768312 0.910105970684991
2.0043361129903 0.907484424541112
2.01061929829748 0.904827052466014
2.01690248360466 0.902133959368197
2.02318566891184 0.899405251566366
2.02946885421902 0.89664103678523
2.0357520395262 0.893841424151258
2.04203522483338 0.891006524188362
2.04831841014056 0.888136448813539
2.05460159544774 0.885231311332449
2.06088478075492 0.882291226434947
2.0671679660621 0.87931631019055
2.07345115136928 0.876306680043857
2.07973433667646 0.873262454809914
2.08601752198364 0.870183754669519
2.09230070729082 0.867070701164483
2.098583892598 0.863923417192829
2.10486707790517 0.860742027003937
2.11115026321235 0.857526656193645
2.11743344851953 0.854277431699288
2.12371663382671 0.850994481794685
2.12999981913389 0.847677936085076
2.13628300444107 0.844327925502008
2.14256618974825 0.840944582298162
2.14884937505543 0.837528040042134
2.15513256036261 0.834078433613164
2.16141574566979 0.830595899195805
2.16769893097697 0.827080574274554
2.17398211628415 0.82353259762842
2.18026530159133 0.819952109325444
2.18654848689851 0.816339250717176
2.19283167220569 0.812694164433086
2.19911485751287 0.809016994374939
2.20539804282005 0.805307885711114
2.21168122812723 0.801566984870868
2.21796441343441 0.797794439538562
2.22424759874159 0.793990398647827
2.23053078404877 0.790155012375682
2.23681396935595 0.78628843213661
2.24309715466313 0.782390810576579
2.24938033997031 0.778462301567014
2.25566352527749 0.774503060198725
2.26194671058467 0.77051324277578
2.26822989589185 0.76649300680934
2.27451308119903 0.762442511011438
2.2807962665062 0.758361915288712
2.28707945181338 0.754251380736094
2.29336263712056 0.75011106963045
2.29964582242774 0.745941145424172
2.30592900773492 0.741741772738729
2.3122121930421 0.737513117358164
2.31849537834928 0.73325534622255
2.32477856365646 0.728968627421401
2.33106174896364 0.724653130187036
2.33734493427082 0.720309024887896
2.343628119578 0.71593648302182
2.34991130488518 0.711535677209275
2.35619449019236 0.707106781186537
2.36247767549954 0.702649969798838
2.36876086080672 0.698165418993462
2.3750440461139 0.693653305812794
2.38132723142108 0.689113808387337
2.38761041672826 0.684547105928677
2.39389360203544 0.679953378722408
2.40017678734262 0.675332808121013
2.4064599726498 0.670685576536708
2.41274315795698 0.66601186743424
2.41902634326416 0.66131186532364
2.42530952857134 0.656585755752944
2.43159271387852 0.651833725300867
2.4378758991857 0.647055961569432
2.44415908449288 0.642252653176572
2.45044226980006 0.637423989748677
2.45672545510723 0.632570161913112
2.46300864041441 0.627691361290688
2.46929182572159 0.6227877804881
2.47557501102877 0.617859613090321
2.48185819633595 0.612907053652964
2.48814138164313 0.607930297694592
2.49442456695031 0.602929541689011
2.50070775225749 0.597904983057506
2.50699093756467 0.592856820161046
2.51327412287185 0.58778525229246
2.51955730817903 0.582690479668562
2.52584049348621 0.577572703422254
2.53212367879339 0.572432125594577
2.53840686410057 0.567268949126743
2.54469004940775 0.562083377852116
2.55097323471493 0.556875616488174
2.55725642002211 0.551645870628416
2.56353960532929 0.546394346734255
2.56982279063647 0.541121252126861
2.57610597594365 0.535826794978982
2.58238916125083 0.530511184306719
2.58867234655801 0.525174629961281
2.59495553186519 0.519817342620695
2.60123871717237 0.514439533781491
2.60752190247955 0.509041415750356
2.61380508778673 0.503623201635746
2.62008827309391 0.498185105339476
2.62637145840108 0.492727341548276
2.63265464370826 0.487250125725317
2.63893782901544 0.4817536741017
2.64522101432262 0.476238203667923
2.6515041996298 0.470703932165317
2.65778738493698 0.465151078077442
2.66407057024416 0.459579860621472
2.67035375555134 0.453990499739531
2.67663694085852 0.448383216090016
2.6829201261657 0.442758231038885
2.68920331147288 0.437115766650917
2.69548649678006 0.431456045680942
2.70176968208724 0.425779291565056
2.70805286739442 0.42008572841179
2.7143360527016 0.414375580993267
2.72061923800878 0.408649074736332
2.72690242331596 0.402906435713646
2.73318560862314 0.397147890634764
2.73946879393032 0.391373666837185
2.7457519792375 0.385583992277379
2.75203516454468 0.379779095521784
2.75831834985186 0.373959205737783
2.76460153515904 0.36812455268466
2.77088472046622 0.362275366704528
2.7771679057734 0.356411878713233
2.78345109108058 0.350534320191241
2.78973427638776 0.344642923174499
2.79601746169494 0.338737920245273
2.80230064700211 0.332819544522969
2.80858383230929 0.326888029654924
2.81486701761647 0.320943609807191
2.82115020292365 0.314986519655286
2.82743338823083 0.309016994374929
2.83371657353801 0.303035269632755
2.83999975884519 0.297041581577016
2.84628294415237 0.291036166828253
2.85256612945955 0.285019262469957
2.85884931476673 0.27899110603921
2.86513250007391 0.272951935517306
2.87141568538109 0.266901989320356
2.87769887068827 0.260841506289878
2.88398205599545 0.254770725683363
2.89026524130263 0.248689887164835
2.89654842660981 0.242599230795388
2.90283161191699 0.236498997023705
2.90911479722417 0.230389426676571
2.91539798253135 0.224270760949362
2.92168116783853 0.218143241396523
2.92796435314571 0.212007109922035
2.93424753845289 0.205862608769861
2.94053072376007 0.199709980514387
2.94681390906725 0.19354946805084
2.95309709437443 0.187381314585705
2.95938027968161 0.181205763627117
2.96566346498879 0.175023058975256
2.97194665029597 0.168833444712714
2.97822983560314 0.162637165194863
2.98451302091032 0.15643446504021
2.9907962062175 0.150225589120736
2.99707939152468 0.144010782552232
3.00336257683186 0.137790290684617
3.00964576213904 0.131564359092262
3.01592894744622 0.125333233564283
3.0222121327534 0.119097160094849
3.02849531806058 0.112856384873461
3.03477850336776 0.106611154275239
3.04106168867494 0.100361714851194
3.04734487398212 0.0941083133184931
3.0536280592893 0.0878511965507219
3.05991124459648 0.0815906115681362
3.06619442990366 0.0753268055279113
3.07247761521084 0.0690600257143844
3.07876080051802 0.0627905195292919
3.0850439858252 0.056518534482003
3.09132717113238 0.0502443181797479
3.09761035643956 0.0439681183178432
3.10389354174674 0.0376901826699128
3.11017672705392 0.0314107590781065
3.1164599123611 0.0251300954433156
3.12274309766828 0.0188484397153863
3.12902628297546 0.0125660398833306
3.13530946828264 0.00628314396553692
3.14159265358982 -2.20819998571209E-14
3.147875838897 -0.00628314396558109
3.15415902420417 -0.0125660398833748
3.16044220951135 -0.0188484397154304
3.16672539481853 -0.0251300954433598
3.17300858012571 -0.0314107590781506
3.17929176543289 -0.0376901826699569
3.18557495074007 -0.0439681183178873
3.19185813604725 -0.050244318179792
3.19814132135443 -0.0565185344820471
3.20442450666161 -0.0627905195293359
3.21070769196879 -0.0690600257144284
3.21699087727597 -0.0753268055279554
3.22327406258315 -0.0815906115681802
3.22955724789033 -0.0878511965507659
3.23584043319751 -0.0941083133185371
3.24212361850469 -0.100361714851238
3.24840680381187 -0.106611154275283
3.25468998911905 -0.112856384873505
3.26097317442623 -0.119097160094893
3.26725635973341 -0.125333233564327
3.27353954504059 -0.131564359092305
3.27982273034777 -0.137790290684661
3.28610591565495 -0.144010782552275
3.29238910096213 -0.15022558912078
3.29867228626931 -0.156434465040254
3.30495547157649 -0.162637165194907
3.31123865688367 -0.168833444712757
3.31752184219085 -0.175023058975299
3.32380502749802 -0.181205763627161
3.3300882128052 -0.187381314585748
3.33637139811238 -0.193549468050884
3.34265458341956 -0.19970998051443
3.34893776872674 -0.205862608769905
3.35522095403392 -0.212007109922078
3.3615041393411 -0.218143241396566
3.36778732464828 -0.224270760949405
3.37407050995546 -0.230389426676614
3.38035369526264 -0.236498997023748
3.38663688056982 -0.242599230795431
3.392920065877 -0.248689887164878
3.39920325118418 -0.254770725683406
3.40548643649136 -0.26084150628992
3.41176962179854 -0.266901989320399
3.41805280710572 -0.272951935517349
3.4243359924129 -0.278991106039253
3.43061917772008 -0.28501926247
3.43690236302726 -0.291036166828295
3.44318554833444 -0.297041581577058
3.44946873364162 -0.303035269632797
3.4557519189488 -0.309016994374971
3.46203510425598 -0.314986519655328
3.46831828956316 -0.320943609807233
3.47460147487034 -0.326888029654966
3.48088466017752 -0.33281954452301
3.4871678454847 -0.338737920245315
3.49345103079188 -0.344642923174541
3.49973421609905 -0.350534320191283
3.50601740140623 -0.356411878713274
3.51230058671341 -0.362275366704569
3.51858377202059 -0.368124552684701
3.52486695732777 -0.373959205737824
3.53115014263495 -0.379779095521825
3.53743332794213 -0.38558399227742
3.54371651324931 -0.391373666837226
3.54999969855649 -0.397147890634804
3.55628288386367 -0.402906435713686
3.56256606917085 -0.408649074736372
3.56884925447803 -0.414375580993308
3.57513243978521 -0.42008572841183
3.58141562509239 -0.425779291565096
3.58769881039957 -0.431456045680982
3.59398199570675 -0.437115766650956
3.60026518101393 -0.442758231038925
3.60654836632111 -0.448383216090055
3.61283155162829 -0.45399049973957
3.61911473693547 -0.459579860621511
3.62539792224265 -0.465151078077482
3.63168110754983 -0.470703932165356
3.63796429285701 -0.476238203667962
3.64424747816419 -0.481753674101738
3.65053066347137 -0.487250125725355
3.65681384877855 -0.492727341548315
3.66309703408573 -0.498185105339514
3.66938021939291 -0.503623201635784
3.67566340470008 -0.509041415750394
3.68194659000726 -0.514439533781529
3.68822977531444 -0.519817342620732
3.69451296062162 -0.525174629961318
3.7007961459288 -0.530511184306757
3.70707933123598 -0.535826794979019
3.71336251654316 -0.541121252126898
3.71964570185034 -0.546394346734292
3.72592888715752 -0.551645870628453
3.7322120724647 -0.55687561648821
3.73849525777188 -0.562083377852153
3.74477844307906 -0.567268949126779
3.75106162838624 -0.572432125594613
3.75734481369342 -0.57757270342229
3.7636279990006 -0.582690479668598
3.76991118430778 -0.587785252292495
3.77619436961496 -0.592856820161081
3.78247755492214 -0.597904983057541
3.78876074022932 -0.602929541689047
3.7950439255365 -0.607930297694627
3.80132711084368 -0.612907053652998
3.80761029615086 -0.617859613090356
3.81389348145804 -0.622787780488134
3.82017666676522 -0.627691361290722
3.8264598520724 -0.632570161913146
3.83274303737958 -0.637423989748711
3.83902622268676 -0.642252653176606
3.84530940799393 -0.647055961569466
3.85159259330111 -0.6518337253009
3.85787577860829 -0.656585755752978
3.86415896391547 -0.661311865323673
3.87044214922265 -0.666011867434273
3.87672533452983 -0.670685576536741
3.88300851983701 -0.675332808121045
3.88929170514419 -0.67995337872244
3.89557489045137 -0.684547105928709
3.90185807575855 -0.689113808387369
3.90814126106573 -0.693653305812826
3.91442444637291 -0.698165418993493
3.92070763168009 -0.70264996979887
3.92699081698727 -0.707106781186568
3.93327400229445 -0.711535677209306
3.93955718760163 -0.715936483021851
3.94584037290881 -0.720309024887927
3.95212355821599 -0.724653130187067
3.95840674352317 -0.728968627421431
3.96468992883035 -0.73325534622258
3.97097311413753 -0.737513117358194
3.97725629944471 -0.741741772738759
3.98353948475189 -0.745941145424202
3.98982267005907 -0.750111069630479
3.99610585536625 -0.754251380736123
4.00238904067343 -0.758361915288741
4.0086722259806 -0.762442511011466
4.01495541128778 -0.766493006809368
4.02123859659496 -0.770513242775807
4.02752178190214 -0.774503060198751
4.03380496720932 -0.77846230156704
4.0400881525165 -0.782390810576605
4.04637133782368 -0.786288432136635
4.05265452313086 -0.790155012375706
4.05893770843804 -0.793990398647851
4.06522089374522 -0.797794439538586
4.0715040790524 -0.801566984870891
4.07778726435958 -0.805307885711136
4.08407044966676 -0.809016994374961
4.09035363497393 -0.812694164433108
4.09663682028111 -0.816339250717197
4.10292000558829 -0.819952109325465
4.10920319089547 -0.82353259762844
4.11548637620265 -0.827080574274574
4.12176956150983 -0.830595899195825
4.12805274681701 -0.834078433613183
4.13433593212419 -0.837528040042153
4.14061911743137 -0.84094458229818
4.14690230273855 -0.844327925502026
4.15318548804573 -0.847677936085094
4.15946867335291 -0.850994481794702
4.16575185866008 -0.854277431699305
4.17203504396726 -0.857526656193662
4.17831822927444 -0.860742027003953
4.18460141458162 -0.863923417192844
4.1908845998888 -0.867070701164499
4.19716778519598 -0.870183754669534
4.20345097050316 -0.873262454809928
4.20973415581034 -0.876306680043871
4.21601734111752 -0.879316310190564
4.2223005264247 -0.882291226434961
4.22858371173188 -0.885231311332462
4.23486689703906 -0.888136448813551
4.24115008234623 -0.891006524188374
4.24743326765341 -0.89384142415127
4.25371645296059 -0.896641036785242
4.25999963826777 -0.899405251566377
4.26628282357495 -0.902133959368208
4.27256600888213 -0.904827052466025
4.27884919418931 -0.907484424541122
4.28513237949649 -0.910105970685
4.29141556480367 -0.912691587403507
4.29769875011085 -0.915241172620922
4.30398193541803 -0.917754625683985
4.31026512072521 -0.920231847365874
4.31654830603239 -0.922672739870118
4.32283149133956 -0.925077206834461
4.32911467664674 -0.927445153334664
4.33539786195392 -0.929776485888254
4.3416810472611 -0.932071112458214
4.34796423256828 -0.934328942456615
4.35424741787546 -0.936549886748195
4.36053060318264 -0.938733857653876
4.36681378848982 -0.940880768954228
4.373096973797 -0.942990535892866
4.37938015910418 -0.945063075179807
4.38566334441136 -0.947098304994746
4.39194652971854 -0.949096144990296
4.39822971502571 -0.951056516295155
4.40451290033289 -0.95297934151722
4.41079608564007 -0.954864544746644
4.41707927094725 -0.956712051558831
4.42336245625443 -0.958521789017377
4.42964564156161 -0.960293685676944
4.43592882686879 -0.962027671586086
4.44221201217597 -0.96372367829001
4.44849519748315 -0.965381638833274
4.45477838279033 -0.967001487762435
4.46106156809751 -0.968583161128631
4.46734475340469 -0.970126596490106
4.47362793871187 -0.971631732914674
4.47991112401904 -0.973098510982126
4.48619430932622 -0.974526872786577
4.4924774946334 -0.975916761938747
4.49876067994058 -0.977268123568193
4.50504386524776 -0.978580904325472
4.51132705055494 -0.979855052384246
4.51761023586212 -0.981090517443333
4.5238934211693 -0.982287250728688
4.53017660647648 -0.983445204995329
4.53645979178366 -0.984564334529205
4.54274297709084 -0.985644595148997
4.54902616239802 -0.986685944207867
4.55530934770519 -0.987688340595137
4.56159253301237 -0.988651744737913
4.56787571831955 -0.98957611860265
4.57415890362673 -0.99046142569665
4.58044208893391 -0.991307631069506
4.58672527424109 -0.992114701314477
4.59300845954827 -0.992882604569813
4.59929164485545 -0.993611310520008
4.60557483016263 -0.994300790396998
4.61185801546981 -0.994951016981299
4.61814120077699 -0.995561964603079
4.62442438608417 -0.996133609143172
4.63070757139135 -0.996665928034029
4.63699075669852 -0.997158900260613
4.6432739420057 -0.997612506361224
4.64955712731288 -0.998026728428271
4.65584031262006 -0.998401550108974
4.66212349792724 -0.998736956606017
4.66840668323442 -0.999032934678124
4.6746898685416 -0.999289472640589
4.68097305384878 -0.999506560365731
4.68725623915596 -0.9996841892833
4.69353942446314 -0.999822352380809
4.69982260977032 -0.999921044203816
4.7061057950775 -0.999980260856137
4.71238898038467 -1
4.71867216569185 -0.999980260856137
4.72495535099903 -0.999921044203816
4.73123853630621 -0.999822352380809
4.73752172161339 -0.9996841892833
4.74380490692057 -0.999506560365732
4.75008809222775 -0.99928947264059
4.75637127753493 -0.999032934678125
4.76265446284211 -0.998736956606018
4.76893764814929 -0.998401550108976
4.77522083345647 -0.998026728428273
4.78150401876365 -0.997612506361227
4.78778720407082 -0.997158900260615
4.794070389378 -0.996665928034032
4.80035357468518 -0.996133609143174
4.80663675999236 -0.995561964603082
4.81291994529954 -0.994951016981302
4.81920313060672 -0.994300790397001
4.8254863159139 -0.993611310520011
4.83176950122108 -0.992882604569816
4.83805268652826 -0.992114701314481
4.84433587183544 -0.99130763106951
4.85061905714262 -0.990461425696655
4.8569022424498 -0.989576118602654
4.86318542775698 -0.988651744737918
4.86946861306415 -0.987688340595142
4.87575179837133 -0.986685944207872
4.88203498367851 -0.985644595149002
4.88831816898569 -0.98456433452921
4.89460135429287 -0.983445204995335
4.90088453960005 -0.982287250728694
4.90716772490723 -0.981090517443339
4.91345091021441 -0.979855052384252
4.91973409552159 -0.978580904325478
4.92601728082877 -0.977268123568199
4.93230046613595 -0.975916761938754
4.93858365144313 -0.974526872786584
4.9448668367503 -0.973098510982133
4.95115002205748 -0.971631732914681
4.95743320736466 -0.970126596490113
4.96371639267184 -0.968583161128639
4.96999957797902 -0.967001487762443
4.9762827632862 -0.965381638833282
4.98256594859338 -0.963723678290018
4.98884913390056 -0.962027671586095
4.99513231920774 -0.960293685676952
5.00141550451492 -0.958521789017385
5.0076986898221 -0.95671205155884
5.01398187512928 -0.954864544746653
5.02026506043646 -0.952979341517229
5.02654824574363 -0.951056516295164
5.03283143105081 -0.949096144990306
5.03911461635799 -0.947098304994756
5.04539780166517 -0.945063075179817
5.05168098697235 -0.942990535892877
5.05796417227953 -0.940880768954238
5.06424735758671 -0.938733857653887
5.07053054289389 -0.936549886748206
5.07681372820107 -0.934328942456626
5.08309691350825 -0.932071112458225
5.08938009881543 -0.929776485888266
5.09566328412261 -0.927445153334676
5.10194646942978 -0.925077206834473
5.10822965473696 -0.92267273987013
5.11451284004414 -0.920231847365886
5.12079602535132 -0.917754625683997
5.1270792106585 -0.915241172620934
5.13336239596568 -0.91269158740352
5.13964558127286 -0.910105970685013
5.14592876658004 -0.907484424541135
5.15221195188722 -0.904827052466038
5.1584951371944 -0.902133959368221
5.16477832250158 -0.89940525156639
5.17106150780876 -0.896641036785255
5.17734469311594 -0.893841424151284
5.18362787842311 -0.891006524188388
5.18991106373029 -0.888136448813565
5.19619424903747 -0.885231311332476
5.20247743434465 -0.882291226434975
5.20876061965183 -0.879316310190578
5.21504380495901 -0.876306680043886
5.22132699026619 -0.873262454809943
5.22761017557337 -0.870183754669549
5.23389336088055 -0.867070701164514
5.24017654618773 -0.86392341719286
5.24645973149491 -0.860742027003968
5.25274291680209 -0.857526656193677
5.25902610210926 -0.854277431699321
5.26530928741644 -0.850994481794718
5.27159247272362 -0.84767793608511
5.2778756580308 -0.844327925502042
5.28415884333798 -0.840944582298197
5.29044202864516 -0.83752804004217
5.29672521395234 -0.8340784336132
5.30300839925952 -0.830595899195842
5.3092915845667 -0.827080574274591
5.31557476987388 -0.823532597628457
5.32185795518106 -0.819952109325483
5.32814114048824 -0.816339250717215
5.33442432579541 -0.812694164433125
5.34070751110259 -0.809016994374979
5.34699069640977 -0.805307885711154
5.35327388171695 -0.80156698487091
5.35955706702413 -0.797794439538605
5.36584025233131 -0.793990398647869
5.37212343763849 -0.790155012375725
5.37840662294567 -0.786288432136654
5.38468980825285 -0.782390810576624
5.39097299356003 -0.77846230156706
5.39725617886721 -0.77450306019877
5.40353936417439 -0.770513242775826
5.40982254948157 -0.766493006809388
5.41610573478874 -0.762442511011486
5.42238892009592 -0.758361915288761
5.4286721054031 -0.754251380736143
5.43495529071028 -0.750111069630499
5.44123847601746 -0.745941145424223
5.44752166132464 -0.74174177273878
5.45380484663182 -0.737513117358215
5.460088031939 -0.733255346222602
5.46637121724618 -0.728968627421454
5.47265440255336 -0.72465313018709
5.47893758786054 -0.720309024887951
5.48522077316772 -0.715936483021875
5.49150395847489 -0.71153567720933
5.49778714378207 -0.707106781186593
5.50407032908925 -0.702649969798895
5.51035351439643 -0.698165418993519
5.51663669970361 -0.693653305812852
5.52291988501079 -0.689113808387396
5.52920307031797 -0.684547105928737
5.53548625562515 -0.679953378722468
5.54176944093233 -0.675332808121074
5.54805262623951 -0.67068557653677
5.55433581154669 -0.666011867434302
5.56061899685387 -0.661311865323703
5.56690218216105 -0.656585755753008
5.57318536746822 -0.651833725300931
5.5794685527754 -0.647055961569497
5.58575173808258 -0.642252653176638
5.59203492338976 -0.637423989748744
5.59831810869694 -0.632570161913179
5.60460129400412 -0.627691361290756
5.6108844793113 -0.622787780488168
5.61716766461848 -0.617859613090391
5.62345084992566 -0.612907053653033
5.62973403523284 -0.607930297694663
5.63601722054002 -0.602929541689083
5.6423004058472 -0.597904983057578
5.64858359115437 -0.592856820161119
5.65486677646155 -0.587785252292533
5.66114996176873 -0.582690479668637
5.66743314707591 -0.577572703422329
5.67371633238309 -0.572432125594653
5.67999951769027 -0.567268949126819
5.68628270299745 -0.562083377852193
5.69256588830463 -0.556875616488251
5.69884907361181 -0.551645870628494
5.70513225891899 -0.546394346734334
5.71141544422617 -0.541121252126941
5.71769862953335 -0.535826794979062
5.72398181484053 -0.5305111843068
5.7302650001477 -0.525174629961363
5.73654818545488 -0.519817342620777
5.74283137076206 -0.514439533781575
5.74911455606924 -0.50904141575044
5.75539774137642 -0.50362320163583
5.7616809266836 -0.498185105339561
5.76796411199078 -0.492727341548362
5.77424729729796 -0.487250125725403
5.78053048260514 -0.481753674101787
5.78681366791232 -0.476238203668011
5.7930968532195 -0.470703932165405
5.79938003852668 -0.465151078077532
5.80566322383385 -0.459579860621562
5.81194640914103 -0.453990499739621
5.81822959444821 -0.448383216090107
5.82451277975539 -0.442758231038977
5.83079596506257 -0.437115766651009
5.83707915036975 -0.431456045681036
5.84336233567693 -0.42577929156515
5.84964552098411 -0.420085728411884
5.85592870629129 -0.414375580993363
5.86221189159847 -0.408649074736428
5.86849507690565 -0.402906435713743
5.87477826221283 -0.397147890634861
5.88106144752 -0.391373666837283
5.88734463282718 -0.385583992277478
5.89362781813436 -0.379779095521883
5.89991100344154 -0.373959205737883
5.90619418874872 -0.368124552684761
5.9124773740559 -0.36227536670463
5.91876055936308 -0.356411878713335
5.92504374467026 -0.350534320191344
5.93132692997744 -0.344642923174603
5.93761011528462 -0.338737920245378
5.9438933005918 -0.332819544523073
5.95017648589898 -0.32688802965503
5.95645967120616 -0.320943609807297
5.96274285651333 -0.314986519655393
5.96902604182051 -0.309016994375036
5.97530922712769 -0.303035269632863
5.98159241243487 -0.297041581577125
5.98787559774205 -0.291036166828362
5.99415878304923 -0.285019262470067
6.00044196835641 -0.278991106039321
6.00672515366359 -0.272951935517417
6.01300833897077 -0.266901989320468
6.01929152427795 -0.26084150628999
6.02557470958513 -0.254770725683476
6.03185789489231 -0.248689887164949
6.03814108019948 -0.242599230795502
6.04442426550666 -0.23649899702382
6.05070745081384 -0.230389426676687
6.05699063612102 -0.224270760949478
6.0632738214282 -0.21814324139664
6.06955700673538 -0.212007109922152
6.07584019204256 -0.205862608769979
6.08212337734974 -0.199709980514506
6.08840656265692 -0.193549468050959
6.0946897479641 -0.187381314585824
6.10097293327128 -0.181205763627237
6.10725611857846 -0.175023058975377
6.11353930388564 -0.168833444712835
6.11982248919281 -0.162637165194985
6.12610567449999 -0.156434465040333
6.13238885980717 -0.15022558912086
6.13867204511435 -0.144010782552355
6.14495523042153 -0.137790290684742
6.15123841572871 -0.131564359092386
6.15752160103589 -0.125333233564409
6.16380478634307 -0.119097160094975
6.17008797165025 -0.112856384873587
6.17637115695743 -0.106611154275366
6.18265434226461 -0.100361714851321
6.18893752757179 -0.094108313318621
6.19522071287896 -0.0878511965508503
6.20150389818614 -0.0815906115682652
6.20778708349332 -0.0753268055280408
6.2140702688005 -0.0690600257145143
6.22035345410768 -0.0627905195294223
6.22663663941486 -0.0565185344821339
6.23291982472204 -0.0502443181798793
6.23920301002922 -0.0439681183179751
6.2454861953364 -0.0376901826700452
6.25176938064358 -0.0314107590782393
6.25805256595076 -0.0251300954434489
6.26433575125794 -0.01884843971552
6.27061893656512 -0.0125660398834649
6.27690212187229 -0.0062831439656716
