0 0 1
0.0201223314345317 0.277323790675723 0.960790903085821
0.0394922476105976 0.295882204868225 0.955238923182615
0.0584062588208851 0.313896680146439 0.949471740342564
0.0770407946396651 0.331535145629217 0.943457571316525
0.0955027592336296 0.348896725001527 0.937175995205574
0.113857679280462 0.366039743270977 0.930614154969275
0.132146011857301 0.382997911042595 0.923764270356479
0.150392849957572 0.399789929104585 0.91662198716319
0.168613801800443 0.416425288445684 0.909185273453466
0.186818593352984 0.432907812155601 0.901453679318035
0.20501329197174 0.449237833740799 0.893427840352006
0.223201685317326 0.465413542824233 0.885109145075801
0.241386138945646 0.481431818867614 0.876499512641043
0.25956813065292 0.497288748711703 0.867601244584896
0.277748583797723 0.512979948341535 0.858416926157172
0.295928075376042 0.528500763245819 0.848949360721545
0.314106965970098 0.543846393425445 0.839201526144217
0.332285480928049 0.559011971615032 0.829176545747151
0.350463761086354 0.573992612447781 0.818877668874614
0.368641894465402 0.588783443573283 0.808308257782452
0.386819936076999 0.603379625565366 0.797471778670901
0.404997920303161 0.617776364865463 0.78637179542238
0.423175868632503 0.631968922397167 0.775011965097587
0.441353794495357 0.645952619487708 0.763396034568657
0.459531706285655 0.659722842111196 0.751527837882767
0.4777096092496 0.673275044082891 0.739411294090771
0.495887506666063 0.686604749594537 0.727050405368008
0.514065400584338 0.699707555332324 0.714449255314999
0.532243292285235 0.712579132326971 0.701612007365294
0.550421182569257 0.72521522762833 0.688542903253471
0.56859907193672 0.737611665861559 0.675246261513067
0.586776960700322 0.749764350699977 0.661726475985043
0.604954849055498 0.761669266276164 0.647988014324475
0.623132737124396 0.773322478544463 0.634035416497689
0.641310624983357 0.78472013660286 0.619873293265035
0.659488512680096 0.795858473979017 0.605506324646361
0.677666400244433 0.806733809883223 0.590939258367521
0.695844287695008 0.817342550429859 0.576176908287004
0.714022175043468 0.827681189828175 0.561224152802315
0.732200062297094 0.837746311542748 0.546085933236046
0.750377949460437 0.847534589423706 0.530767252201806
0.768555836536341 0.857042788806622 0.515273171950312
0.786733723526583 0.866267767581894 0.499608812696045
0.804911610432273 0.875206477233372 0.483779350924908
0.823089497254107 0.883855963845942 0.467790017683403
0.841267383992519 0.892213369081792 0.451646096849846
0.859445270647779 0.900275931125042 0.435352923388169
0.877623157220056 0.908040985594468 0.418915881584856
0.895801043709458 0.915505966423998 0.402340403269615
0.91397893011605 0.922668406710716 0.385631966020334
0.932156816439874 0.929525939530092 0.368796091352937
0.950334702680955 0.936076298718167 0.351838342896716
0.96851258883931 0.942317319620436 0.334764324555757
0.986690474914948 0.948246939807192 0.317579678657052
1.00486836090788 0.953863199755079 0.30029008408592
1.0230462468181 0.959164243494645 0.282901254409343
1.04122413264562 0.964148319223667 0.265418935987842
1.05940201839043 0.968813779886061 0.247848906076525
1.07757990405255 0.973159083716169 0.230196970915908
1.09575778963197 0.977182794748258 0.212468963813176
1.11393567512868 0.980883583291048 0.194670743214491
1.1321135605427 0.98426022636713 0.176808190768988
1.15029144587401 0.987311608117111 0.158887209385115
1.16846933112263 0.990036720168365 0.140913721279934
1.18664721628855 0.992434661968263 0.122893666022057
1.20482510137176 0.994504641081768 0.104832998568832
1.22300298637228 0.99624597345331 0.0867376872984549
1.2411808712901 0.997658083632836 0.0686137120376411
1.25935875612522 0.998740504965977 0.0504670620855159
1.27753664087764 0.999492879748256 0.0323037342343735
1.29571452554736 0.999914959343302 0.0141297307879605
1.31389241013438 1.00000660426501 -0.00404894242206244
1.3320702946387 0.999767784223626 -0.022226278020824
1.35024817906033 0.999198578135784 -0.0403962690754565
1.36842606339925 0.998299174098395 -0.0585529110801633
1.38660394765547 0.997069869326507 -0.0766902039404845
1.404781831829 0.995511070055077 -0.0948021539561048
1.42295971591982 0.993623291404731 -0.112882775801548
1.44113759992795 0.99140715721153 -0.130926094504105
1.45931548385337 0.988863399820819 -0.148926147418339
1.4774933676961 0.985992859845211 -0.166876986196517
1.49567125145613 0.982796485886797 -0.184772678754319
1.51384913513345 0.979275334223666 -0.202607311231169
1.53202701872808 0.975430568460847 -0.220374989944548
1.55020490224001 0.971263459145776 -0.238069843337631
1.56838278566924 0.966775383348433 -0.255686023919627
1.58656066901577 0.961967824206264 -0.273217710198145
1.6047385522796 0.956842370434064 -0.290659108602992
1.62291643546074 0.951400715798965 -0.308004455400723
1.64109431855917 0.945644658560707 -0.325248018599344
1.6592722015749 0.939576100877378 -0.34238409984252
1.67745008450793 0.933197048176827 -0.359407036292672
1.69562796735827 0.926509608493938 -0.37631120250233
1.7138058501259 0.919515991774008 -0.393091012273135
1.73198373281084 0.912218509142437 -0.409740920501871
1.75016161541308 0.904619572140992 -0.42625542501291
1.76833949793261 0.896721691930875 -0.442629068376482
1.78651738036945 0.888527478462887 -0.458856439712145
1.80469526272359 0.880039639614925 -0.474932176476885
1.82287314499503 0.871260980297139 -0.490850966237231
1.84105102718377 0.862194401525007 -0.506607548424821
1.85922890928981 0.85284289946066 -0.522196716074819
1.87740679131315 0.843209564422759 -0.537613317546625
1.89558467325379 0.833297579865265 -0.552852258226299
1.91376255511174 0.823110221325419 -0.56790850221014
1.93194043688698 0.812650855341304 -0.582777073968865
1.95011831857952 0.801922938339325 -0.597453059991833
1.96829620018937 0.790930015491995 -0.611931610410782
1.98647408171651 0.779675719546381 -0.626207940602524
2.00465196316096 0.768163769623619 -0.640277332770084
2.02282984452271 0.756397969989883 -0.654135137501759
2.04100772580175 0.744382208799216 -0.667776775307574
2.0591856069981 0.732120456808641 -0.681197738132628
2.07736348811175 0.719616766065973 -0.694393590846843
2.0955413691427 0.706875268570767 -0.707359972710606
2.11371925009095 0.693900174908849 -0.720092598815828
2.1318971309565 0.680695772860871 -0.732587261501951
2.15007501173935 0.667266425985361 -0.744839831746417
2.16825289243951 0.653616572176731 -0.756846260529158
2.18643077305696 0.639750722198715 -0.768602580170647
2.20460865359171 0.625673458193731 -0.780104905643063
2.22278653404377 0.611389432168657 -0.791349435854152
2.24096441441312 0.596903364457511 -0.802332454903342
2.25914229469978 0.58222004216156 -0.813050333309712
2.27732017490374 0.567344317567362 -0.823499529211396
2.29549805502499 0.552281106543265 -0.833676589536036
2.31367593506355 0.537035386914895 -0.843578151141898
2.33185381501941 0.521612196820172 -0.853200941929258
2.35003169489257 0.506016633044394 -0.86254178192171
2.36820957468303 0.490253849335938 -0.87159758431703
2.38638745439079 0.474329054703142 -0.880365356507249
2.40456533401586 0.458247511692916 -0.888842201067596
2.42274321355822 0.442014534651673 -0.897025316713986
2.44092109301788 0.425635487969134 -0.904911999228746
2.45909897239485 0.409115784305595 -0.912499642354249
2.47727685168911 0.392460882803251 -0.919785738654189
2.49545473090068 0.375676287282147 -0.926767880342197
2.51363261002955 0.358767544421374 -0.933443760077516
2.53181048907571 0.3417402419261 -0.939811171727497
2.54998836803918 0.324600006681041 -0.945868011096641
2.56816624691995 0.307352502890986 -0.951612276621955
2.58634412571802 0.290003430208991 -0.957042070034396
2.60452200443339 0.272558521852851 -0.962155596986173
2.62269988306606 0.255023542710495 -0.966951167643716
2.64087776161604 0.237404287434899 -0.971427197246101
2.65905564008331 0.219706578529173 -0.975582206628749
2.67723351846788 0.20193626442244 -0.979414822712243
2.69541139676976 0.18409921753715 -0.982923778956071
2.71358927498893 0.166201332348466 -0.986107915777172
2.73176715312541 0.148248523436357 -0.988966180933136
2.74994503117919 0.130246723531053 -0.99149762986993
2.76812290915026 0.112201881552499 -0.993701426034033
2.78630078703864 0.0941199606444611 -0.995576841148893
2.80447866484432 0.0760069362039285 -0.997123255455586
2.8226565425673 0.0578687939064702 -0.998340157917628
2.84083442020758 0.0397115277281931 -0.999227146389853
2.85901229776517 0.0215411379649574 -0.999783927751302
2.87719017524005 0.00336362924950369 -1.00001031800209
2.89536805263223 -0.0148149914328534 -0.999906242324226
2.91354592994172 -0.0329887167293084 -0.999471735106299
2.9317238071685 -0.05115154090477 -0.998706939932152
2.94990168431259 -0.0692974618265316 -0.997612109533414
2.96807956137397 -0.0874204829477508 -0.996187605705985
2.98625743835266 -0.105514615289084 -0.994433899190474
3.00443531524865 -0.123573879417818 -0.992351569516639
3.02261319206194 -0.141592307423849 -0.989941304811871
3.04079106879253 -0.159563944891856 -0.987203901573795
3.05896894544042 -0.177482852869006 -0.984140264407054
3.07714682200561 -0.195343109827558 -0.980751405724377
3.09532469848811 -0.213138813621708 -0.977038445412005
3.1135025748879 -0.230864083438023 -0.973002610459619
3.131680451205 -0.248513061738831 -0.96864523455486
3.14985832743939 -0.266079916197916 -0.963967757642595
3.16803620359109 -0.283558841627886 -0.958971725449072
3.18621407966008 -0.300944061898564 -0.953658788971111
3.20439195564638 -0.318229831845789 -0.948030703930517
3.22256983154998 -0.33541043916997 -0.94208933019387
3.24074770737088 -0.352480206323793 -0.935836631157917
3.25892558310908 -0.369433492388431 -0.92927467310074
3.27710345876458 -0.386264694937662 -0.922405624498925
3.29528133433739 -0.402968251889254 -0.915231755310967
3.31345920982749 -0.419538643343028 -0.907755436227128
3.33163708523489 -0.435970393404979 -0.899979137886016
3.3498149605596 -0.452258071996849 -0.891905430058132
3.3679928358016 -0.468396296650565 -0.883536980796651
3.38617071096091 -0.484379734286945 -0.874876555555738
3.40434858603752 -0.500203102978076 -0.865927016276665
3.42252646103143 -0.515861173692798 -0.856691320442043
3.44070433594264 -0.531348772024695 -0.847172520098492
3.45888221077115 -0.546660779902048 -0.837373760848049
3.47706008551696 -0.561792137279161 -0.827298280808665
3.49523796018007 -0.576737843808519 -0.816949409544129
3.51341583476048 -0.591492960493213 -0.806330566963771
3.5315937092582 -0.60605261131909 -0.795445262192311
3.54977158367321 -0.620411984866097 -0.784297092410224
3.56794945800553 -0.634566335898273 -0.772889741665009
3.58612733225515 -0.648510986931867 -0.761226979653744
3.60430520642206 -0.662241329781074 -0.749312660477348
3.62248308050628 -0.675752827080867 -0.737150721366943
3.6406609545078 -0.689041013786422 -0.724745181382746
3.65883882842662 -0.702101498648651 -0.712100140085923
3.67701670226274 -0.714929965665342 -0.699219776183832
3.69519457601617 -0.727522175507434 -0.686108346149126
3.71337244968689 -0.739873966919959 -0.672770182813139
3.73155032327491 -0.751981258097176 -0.659209693934056
3.74972819678024 -0.763840048031459 -0.645431360740309
3.76790607020287 -0.775446417835472 -0.6314397364497
3.78608394354279 -0.78679653203722 -0.617239444764736
3.80426181680002 -0.797886639847523 -0.602835178344669
3.82243968997455 -0.808713076399516 -0.588231697254743
3.84061756306638 -0.819272263959742 -0.573433827393178
3.85879543607551 -0.829560713110463 -0.558446458896388
3.87697330900194 -0.839575023902779 -0.543274544522976
3.89515118184568 -0.849311886980184 -0.527923098017035
3.91332905460671 -0.858768084672182 -0.512397192451288
3.93150692728504 -0.867940492057605 -0.496701958550637
3.94968479988068 -0.876826077997284 -0.480842582996644
3.96786267239362 -0.885421906135722 -0.464824306713531
3.98604054482385 -0.893725135871452 -0.448652423136252
4.00421841717139 -0.901733023295749 -0.43233227646121
4.02239628943623 -0.909442922099382 -0.415869259880202
4.04057416161837 -0.916852284447127 -0.399268813798175
4.05875203371781 -0.923958661819725 -0.38253642403537
4.07692990573456 -0.930759705823025 -0.365677620014472
4.0951077776686 -0.937253168964043 -0.34869797293334
4.11328564951994 -0.94343690539367 -0.331603093923935
4.13146352128859 -0.949308871615793 -0.314398632198057
4.14964139297454 -0.954867127162597 -0.297090273180488
4.16781926457778 -0.960109835235813 -0.279683736630175
4.18599713609833 -0.965035263313711 -0.262184774750066
4.20417500753618 -0.969641783723632 -0.244599170286224
4.22235287889133 -0.973927874179874 -0.226932734616844
4.24053075016378 -0.977892118286745 -0.209191305831814
4.25870862135354 -0.981533206006634 -0.191380746803449
4.27688649246059 -0.984849934092924 -0.173506943249025
4.29506436348495 -0.987841206487622 -0.155575801785779
4.3132422344266 -0.990506034683561 -0.137593247978991
4.33142010528556 -0.992843538051067 -0.119565224383807
4.34959797606181 -0.994852944128973 -0.101497688581452
4.36777584675537 -0.996533588879886 -0.0833966112104717
4.38595371736623 -0.997884916909626 -0.0652679739936611
4.40413158789439 -0.998906481650764 -0.0471177677613329
4.42230945833986 -0.999597945510197 -0.0289519904715724
4.44048732870262 -0.999959079980702 -0.0107766452281392
4.45866519898268 -0.999989765716457 0.00740226170333202
4.47684306918005 -0.999689992572473 0.0255787228801759
4.49502093929471 -0.999059859607952 0.0437467316679293
4.51319880932668 -0.998099575053545 0.0619002842252974
4.53137667927595 -0.996809456242546 0.0800333814881965
4.54955454914252 -0.995189929506017 0.0981400311522182
4.56773241892639 -0.993241530031909 0.11621424965286
4.58591028862756 -0.990964901688196 0.134250064142867
4.60408815824603 -0.988360796810104 0.152241514466032
4.6222660277818 -0.985430075951491 0.170182655126805
4.64044389723488 -0.982173707600465 0.188067557255049
4.65862176660525 -0.978592767859338 0.205890310565313
4.67679963589293 -0.974688440089009 0.223645025309956
4.69497750509791 -0.970462014517913 0.241325834225487
4.71315537422019 -0.965914887815645 0.25892689447147
4.73133324325976 -0.961048562631415 0.276442389561368
4.74951111221664 -0.955864647097476 0.293866531284666
4.76768898109083 -0.950364854297702 0.311193561619661
4.78586684988231 -0.944551001701471 0.328417754636267
4.80404471859109 -0.938425010563066 0.345533418388219
4.82222258721718 -0.931988905286767 0.362534896794045
4.84040045576057 -0.925244812757868 0.379416571506191
4.85857832422125 -0.918194961639813 0.396172863767668
4.87675619259924 -0.910841681637714 0.412798236255622
4.89493406089453 -0.903187402728469 0.429287194911209
4.91311192910712 -0.895234654357741 0.445634290755173
4.93128979723701 -0.88698606460408 0.46183412168853
4.9494676652842 -0.878444359310436 0.477881334277755
4.9676455332487 -0.869612361183371 0.493770625523889
4.98582340113049 -0.860492988860263 0.50949674461498
5.00400126892959 -0.851089255944805 0.525054494661278
5.02217913664599 -0.841404270011123 0.540438734412608
5.04035700427968 -0.831441231576839 0.555644379957363
5.05853487183068 -0.821203433045422 0.570666406402539
5.07671273929898 -0.810694257618172 0.585499849534274
5.09489060668458 -0.799917178176199 0.600139807458333
5.11306847398749 -0.788875756132768 0.614581442219999
5.13124634120769 -0.777573640256386 0.62881998140283
5.1494242083452 -0.766014565465019 0.642850719705768
5.1676020754 -0.754202351591849 0.656669020498054
5.18577994237211 -0.742140902122957 0.670270317351466
5.20395780926152 -0.72983420290737 0.68365011554935
5.22213567606823 -0.717286320839891 0.696803993571945
5.24031354279224 -0.704501402517141 0.70972760455754
5.25849140943355 -0.691483672867265 0.722416677738937
5.27666927599216 -0.678237433753758 0.734867019854782
5.29484714246808 -0.664767062553854 0.747074516535276
5.31302500886129 -0.651077010711975 0.759035133661822
5.33120287517181 -0.637171802268692 0.770744918700145
5.34938074139962 -0.623056032365705 0.782200002006455
5.36755860754474 -0.608734365727318 0.793396598106216
5.38573647360716 -0.594211535118929 0.804331006945106
5.40391433958688 -0.579492339783025 0.81499961511174
5.42209220548391 -0.564581643853217 0.825398897031765
5.44027007129823 -0.549484374746828 0.835525416132933
5.45844793702985 -0.534205521536565 0.84537582598075
5.47662580267878 -0.518750133301823 0.854946871384355
5.49480366824501 -0.503123317460155 0.864235389472227
5.51298153372854 -0.48733023807946 0.8732383107374
5.53115939912936 -0.471376114171459 0.881952660051817
5.54933726444749 -0.455266217967005 0.890375557649494
5.56751512968293 -0.439005873173814 0.898504220078177
5.58569299483566 -0.42260045321718 0.906335961119164
5.60387085990569 -0.406055379464259 0.913868192675
5.62204872489303 -0.389376119432516 0.921098425624741
5.64022658979766 -0.372568184982917 0.928024270646521
5.6584044546196 -0.355637130498466 0.934643439007121
5.67658231935884 -0.338588551048695 0.940953743318319
5.69476018401538 -0.3214280805407 0.94695309825973
5.71293804858922 -0.304161389857355 0.952639521267932
5.73111591308036 -0.286794184983297 0.958011133191618
5.74929377748881 -0.269332205119314 0.963066158912596
5.76747164181455 -0.251781220785757 0.967802927932386
5.7856495060576 -0.234147031915604 0.972219874924263
5.80382737021795 -0.216435465937799 0.976315540250536
5.82200523429559 -0.198652375851509 0.980088570444901
5.84018309829054 -0.180803638291932 0.983537718659712
5.85836096220279 -0.16289515158829 0.986661845078014
5.87653882603235 -0.144932833814653 0.989459917290211
5.8947166897792 -0.126922620834245 0.991931010635233
5.91289455344335 -0.108870464337863 0.99407430850611
5.93107241702481 -0.0907823298770706 0.995889102619818
5.94925028052357 -0.0726641948928084 0.997374793251348
5.96742814393962 -0.0545220467400785 0.998530889431887
5.98560600727298 -0.0363618807093499 0.999357009111067
6.00378387052364 -0.0181896980453431 0.999852879283213
6.02196173369161 -1.15039638466999E-05 1.00001833607757
6.04013959677687 0.0181666943327785 0.999853324812435
6.05831745977943 0.0363388896407512 0.99935790001326
6.0764953226993 0.0544990767400227 0.998532225394602
6.09467318553647 0.0726412543787732 0.997376573806035
6.11285104829093 0.0907594272565982 0.995891327141981
6.1310289109627 0.108847608005727 0.994076976215509
6.14920677355178 0.126899819169619 0.991934120596138
6.16738463605815 0.144910095178289 0.9894634684117
6.18556249848182 0.162872484319696 0.986665836114334
6.20374036082279 0.180781050706565 0.983542148210678
6.22191822308107 0.198629876237963 0.980093436956352
6.24009608525665 0.216413062555015 0.976320842014837
6.25827394734953 0.23412473299008 0.972225610080861
6.27645180935971 0.251759034508771 0.967809094468412
6.29462967128719 0.269310139644157 0.963072754663519
6.31280753313197 0.286772248422523 0.958018155841946
6.33098539489405 0.304139590280034 0.952646968351963
6.34916325657344 0.321406425969692 0.946960967162353
6.36734111817012 0.338567049457939 0.940962031275862
6.38551897968411 0.355615789810279 0.934652143108248
6.4036968411154 0.37254701306531 0.928033387833178
6.42187470246399 0.389355124096534 0.921107952693148
6.44005256372988 0.406034568461328 0.91387812627669
6.45823042491307 0.422579834236483 0.906346297762074
6.47640828601357 0.438985453839678 0.898514956127779
6.49458614703136 0.455246005836312 0.890386689329977
6.51276400796646 0.47135611673108 0.881964183447316
6.53094186881886 0.487310462743707 0.873250221793267
6.54911972958855 0.503103771568258 0.864247683996348
6.56729759027555 0.518730824115429 0.854959545048517
6.58547545087986 0.534186456237262 0.845388874322046
6.60365331140146 0.549465560433697 0.835538834555215
6.62183117184036 0.564563087540404 0.825412680807142
6.64000903219657 0.579474048397342 0.815013759382113
6.65818689247008 0.594193515497485 0.804345506723754
6.67636475266089 0.608716624615175 0.793411448279419
6.69454261276899 0.623038576413562 0.78221519733516
6.71272047279441 0.637154638030604 0.770760453821675
6.73089833273712 0.651060144643096 0.759051003091623
6.74907619259713 0.664750501008214 0.747090714668708
6.76725405237445 0.678221182982071 0.734883540968947
6.78543191206906 0.691467739014771 0.722433515994547
6.80360977168098 0.704485791621478 0.709744754000823
6.8217876312102 0.717271038829004 0.696821448136591
6.83996549065672 0.729819255597452 0.683667869058493
6.85814335002054 0.742126295216427 0.670288363519707
6.87632120930167 0.754188090675365 0.656687352933509
6.89449906850009 0.766000656007527 0.642869331912167
6.91267692761582 0.777560087607206 0.628838866781642
6.93085478664884 0.788862565519719 0.614600594072588
6.94903264559917 0.799904354703761 0.600159218988161
6.9672105044668 0.810681806265686 0.585519513849122
6.98538836325173 0.821191358665331 0.570686316516773
7.00356622195397 0.831429538892971 0.555664528794221
7.0217440805735 0.84139296361701 0.540459114806528
7.03992193911034 0.851078340302046 0.525075099360248
7.05809979756447 0.860482468296928 0.509517566282925
7.06858347057703 0.865776797160647 0.500468549576819
