0 5499300 700 0
0.1 5499276.42671124 714.732161492146 8.84112727272727
0.64158072248498 5499140.14029513 799.903847475828 59.9558573924285
2.19018881317086 5498660.72909522 1099.50098691208 239.769917868679
5.09351205301446 5497275.45116464 1965.12289938136 759.425935974971
9.06512405035625 5493601.1325192 4260.56304246036 2138.30443834212
9.37255561337869 5237380.08630835 161987.47594309 100632.437748559
9.66613033149436 5221881.20751475 171374.029594624 106744.762890623
9.94776794495011 5206217.37168242 180842.017487589 112940.610829992
10.2189419400918 5190367.83368582 190403.24276733 119228.923546855
10.4808147786982 5174318.0033081 200065.69008672 125616.306605179
10.7343272723442 5158057.53410337 209834.70633431 132107.759562324
10.9802585882396 5141578.98886125 219713.823213941 138707.187924807
11.2192671939646 5124876.90973432 229705.328910138 145417.761355542
11.4519192793648 5107947.17145333 239810.664502923 152242.164043747
11.6787088527202 5090786.5319245 250030.698365755 159182.769709742
11.9000722331736 5073392.31999316 260365.915874999 166241.76413184
12.1163987213697 5055762.21822173 270816.550510978 173421.231267289
12.3280386256475 5037894.11128402 281382.674503976 180723.214212008
12.5353094291915 5019785.9795446 292064.26161566 188149.758839737
12.7385006275975 5001435.8236689 302861.230759515 195702.945571589
12.937877597963 4982841.61048305 313773.476459714 203384.913057234
13.1336847490332 4964001.23333843 324800.89027424 211197.876387326
13.326148127355 4944912.48233342 335943.376014619 219144.141651957
13.5154776040695 4925573.0211911 347200.860704485 227226.118104411
13.7018687326531 4905980.36858433 358573.302608206 235446.328807466
13.8855043442252 4886131.88238031 370060.69724205 243807.420377643
14.0665559304625 4866024.74574226 381663.081993799 252312.172263939
14.2451848523918 4845655.95434368 393380.539780381 260963.505875943
14.4215434048413 4825022.30416763 405213.202038516 269764.493793854
14.5957757601085 4804120.37951181 417161.251250614 278718.369237576
14.7680188097629 4782946.54092088 429224.92314392 287828.535935199
14.9384029199829 4761496.91283718 441404.508655736 297098.578507082
15.1070526131215 4739767.37080841 453700.355725289 306532.273466302
15.2740871860755 4717753.52812423 466112.870948934 316133.600926836
15.4396212743518 4695450.72177754 478642.521117022 325906.757105434
15.6037653693743 4672853.99766391 491289.834635614 335856.167700478
15.7666262954703 4649958.09494703 504055.402822863 345986.502230109
15.9283076520655 4626757.42953108 516939.881057036 356302.689411884
16.0889102258495 4603246.07659372 529943.989739914 366809.933666362
16.2485323770252 4579417.7521484 543068.515024745 377513.732826853
16.4072704031836 4555265.79362244 556314.309241282 388419.897136273
16.5652188838414 4530783.13946023 569682.290930829 399534.569608941
16.7224710082114 4505962.30779025 583173.444380567 410864.247829183
16.8791188883267 4480795.37423357 596788.818517785 422415.807248647
17.0352538591953 4455273.94898201 610529.524989413 434196.526028578
17.1909667671908 4429389.15334104 624396.735208986 446214.111449971
17.346348247372 4403131.59601962 638391.676099634 458476.727880749
17.5014889898361 4376491.34956306 652515.62419554 470993.026241395
17.6564799945135 4349457.92747359 666769.897682328 483772.174844084
17.8114128129675 4322020.26275539 681155.845855326 496823.891389283
17.9663797747154 4294166.68887098 695674.835348912 510158.475780111
18.1214741942755 4265884.92441718 710328.232334722 523786.8432481
18.2767905534841 4237162.06324416 725117.379694575 537720.55706126
18.4324246515241 4207984.57227261 740043.567937984 551971.859789411
18.588473712434 4178338.29994381 755107.998345081 566553.70171111
18.7450364364771 4148208.49910154 770311.736464238 581479.764434224
18.9022129774785 4117579.86919499 785655.653669987 596764.477135019
19.0601048228773 4086436.6240582 801140.353982804 612423.021958994
19.2188145465949 4054762.59321158 816766.08276363 628471.324024785
19.3784453966933 4022541.36669239 832532.613226552 644926.02008106
19.5391006700615 3989756.49587976 848439.105982109 661804.398138132
19.7008828150411 3956391.76562661 864483.936076572 679124.298296819
19.8638921902972 3922431.5561566 880664.481317497 696903.962525902
20.0282253951866 3887861.31641021 896976.865227238 715161.818362547
20.1939730750307 3852668.17339115 913415.647995813 733916.178613038
20.3612170970572 3816841.70380228 929973.459699548 753184.83649817
20.5300269941471 3780374.89362469 946640.572371013 772984.534004297
20.7004555911698 3743265.30642594 963404.411998032 793330.281576027
20.8725337725552 3705516.469546 980249.019099509 814234.511354492
21.0462644319527 3667139.46581769 997154.478087522 835706.056094792
21.2216157774896 3628154.68406978 1014096.35176588 857748.96416434
21.3985143564516 3588593.63254477 1031045.17769689 880361.189758337
21.5768384051081 3548500.65715439 1047966.10567171 903533.237173902
21.7564123926646 3507934.33899429 1064818.77535106 927246.885654642
21.9370038492482 3466968.28910124 1081557.54245621 951474.168442554
22.118323650162 3425691.03775181 1098132.15083129 976176.8114169
22.3000307651764 3384204.75818416 1114488.90768917 1001306.33412668
22.481742001055 3342622.68883583 1130572.34841342 1026804.96275075
22.6630464913706 3301065.31813327 1146327.28522235 1052607.39664438
22.8435237744585 3259655.63200869 1161701.04348039 1078643.32451092
23.0227635072534 3218513.93004878 1176645.62978114 1104840.44017008
23.2003844558579 3177752.82276957 1191119.57061449 1131127.60661594
23.3760505313283 3137472.99118659 1205089.21499801 1157437.7938154
23.5494822571183 3097760.13132971 1218529.39265629 1183710.47601399
23.7204629504594 3058683.27496448 1231423.43062401 1209893.2944115
23.8888397981943 3020294.44461074 1243762.62463069 1235942.93075856
24.0545206866684 2982629.42360748 1255545.31794426 1261825.25844826
24.2174680037102 2945709.32727664 1266775.75583319 1287514.91689017
24.3776906848829 2909542.64546188 1277462.86701408 1312994.48752404
24.5352356144607 2874127.46729591 1287619.08828858 1338253.44441552
24.6901792209895 2839453.66836326 1297259.30818336 1363287.02345338
24.8426198166158 2805504.91541493 1306399.96889255 1388095.11569252
24.9926709745852 2772260.40982734 1315058.3376883 1412681.25248436
25.1404560452106 2739696.34151876 1323251.94014346 1437051.71833777
25.2861037799975 2707787.05920824 1330998.13682629 1461214.80396547
25.4297449572667 2676505.98304144 1338313.82056465 1485180.1963939
25.5715098669553 2645826.29518888 1345215.21087607 1508958.49393505
25.7115265039813 2615721.44647742 1351717.7240164 1532560.82950618
25.8499193276966 2586165.51526824 1357835.90007869 1555998.58465307
25.9868084615412 2557133.45071268 1363583.37187084 1579283.17741648
26.1223092267468 2528601.22757759 1368972.86345132 1602425.90897109
26.25653192362 2500545.93486993 1374016.20897459 1625437.85615547
26.3895817918363 2472945.81595552 1378724.38481153 1648329.79923295
26.5215590965698 2445780.2739572 1383107.54976784 1671112.17627496
26.6525593000016 2419029.85297794 1387175.08967398 1693795.05734809
26.7826732879566 2392676.2030871 1390935.66372537 1716388.13318753
26.9119876294397 2366702.03495556 1394397.25077913 1738900.71426531
27.0405848530143 2341091.06843772 1397567.19442124 1761341.73714104
27.1685437286628 2315827.97818895 1400452.24605819 1783719.77575286
27.2959395472765 2290898.33849634 1403058.6056 1806043.05590366
27.4228443925221 2266288.56882325 1405391.95952046 1828319.47165629
27.5493274017285 2241985.88106978 1407457.51623039 1850556.60269983
27.6754550137998 2217978.22918826 1409260.03879955 1872761.73201219
27.8012912031356 2194254.26153206 1410803.87512736 1894941.86334058
27.9268976992074 2170803.27613073 1412092.98570175 1917103.73816752
28.0523341919034 2147615.1789555 1413130.96910701 1939253.85193749
28.1776585230528 2124680.44515102 1413921.08545156 1961398.46939742
28.3029268647264 2101990.08315085 1414466.27788827 1983543.63896089
28.4281938850203 2079535.60155764 1414769.19239658 2005695.20604578
28.5535129020729 2057308.97864725 1414832.19598963 2027858.82536312
28.6789360270793 2035302.63434542 1414657.39350087 2050039.97215371
28.8045142970457 2013509.40452248 1414246.64309621 2072243.95238131
28.9302977979922 1991922.51745322 1413601.57064822 2094475.91189856
29.0563357792638 1970535.57229439 1412723.58310004 2116740.84460557
29.1826767595543 1949342.51943912 1411613.88093844 2139043.59962243
29.3093686251929 1928337.64261649 1410273.46988726 2161388.88749624
29.4364587211777 1907515.54261261 1408703.17192593 2183781.28546146
29.5639939353872 1886871.12249918 1406903.63573099 2206225.24176983
29.692020776336 1866399.57426394 1404875.34663341 2228725.07910265
29.820585444788 1846096.36674567 1402618.63617936 2251284.99707497
29.9497338994819 1825957.23478448 1400133.69137819 2273909.07383733
30.0795119171709 1805978.16950495 1397420.56371771 2296601.26677735
30.2099651471283 1786155.40965623 1394479.17802402 2319365.41231975
30.3411391602194 1766485.43393893 1391309.34124066 2342205.22482041
30.4730794925945 1746964.95425342 1387910.7511996 2365124.29454698
30.6058316840133 1727590.90980831 1384283.00545525 2388126.08473645
30.7394413107679 1708360.46203139 1380425.61025069 2411213.92771792
30.8739540131345 1689270.99022761 1376337.98968443 2434391.02008795
31.0094155172446 1670320.08793048 1372019.49514424 2457660.41692528
31.1458716512388 1651505.55989438 1367469.4150735 2481025.02503211
31.2833683555327 1632825.41967509 1362686.98513372 2504487.5951912
31.4219516870063 1614277.88774521 1357671.39882481 2528050.71342998
31.5616678169072 1595861.39008968 1352421.81862246 2551716.79128787
31.7025630222479 1577574.55722395 1346937.38768825 2575488.0550878
31.8446836704775 1559416.22357424 1341217.24220472 2599366.53422103
31.9880761972099 1541385.42715525 1335260.52438186 2623354.04846289
32.1327870768133 1523481.40947567 1329066.39617551 2647452.19434882
32.2788627856905 1505703.61559649 1322634.05375014 2671662.33065337
32.4263497581284 1488051.69426057 1315962.74270898 2695985.56303045
32.5752943346491 1470525.4980054 1309051.77410294 2720422.72789166
32.7257427028765 1453125.08316366 1301900.54121658 2744974.37561976
32.8777408310244 1435850.70964905 1294508.53711333 2769640.75323762
33.0313343942281 1418702.84041722 1286875.37290458 2794421.7866782
33.1865686940777 1401682.1404852 1279000.79668662 2819317.06282818
33.3434885718667 1384789.47538619 1270884.71306696 2844325.81154686
33.5021383162473 1368025.90893161 1262527.20317676 2869446.88789162
33.6625615661765 1351392.70014913 1253928.54503943 2894678.75481144
33.8248012102526 1334891.29926369 1245089.23413716 2920019.46659915
33.9888992837602 1318523.34259037 1236010.00398853 2945466.6534211
34.1548968649762 1302290.64621218 1226691.84652066 2971017.50726716
34.3228339725185 1286195.19832455 1217136.03199144 2996668.76968401
34.4927494657408 1270239.15014068 1207344.12819069 3022416.72166864
34.6646809503843 1254424.80526932 1197318.01862573 3048257.17610495
34.8386646918721 1238754.60749885 1187059.91937836 3074185.47312279
35.0147355387711 1223231.12694843 1176572.39430689 3100196.47874467
35.1929268590305 1207857.04457935 1165858.36826202 3126284.58715864
35.3732704916319 1192635.13509604 1154921.13798809 3152443.72691587
35.5557967162351 1177568.24830646 1143764.38039494 3178667.37129859
35.7405342432741 1162659.28905467 1132392.15790889 3204948.55303644
35.927510226744 1147911.19588253 1120808.9206471 3231279.88347037
36.116750301615 1133326.91862217 1109019.50520541 3257653.57617241
36.3082786474234 1118909.39516281 1097029.12990672 3284061.47493048
36.502118079126 1104661.52767425 1084843.38642308 3310495.08590267
36.698290165776 1090586.15860212 1072468.22775864 3336945.61363924
36.8968153770035 1076686.04677491 1059909.95265912 3363404.00056597
37.0977132566844 1062963.84397913 1047175.18659492 3389860.96942595
37.301002622576 1049422.07236419 1034270.85954542 3416307.06809039
37.5067017901238 1036063.10303305 1021204.18088811 3442732.71607884
37.7148288181101 1022889.1361577 1007982.61176516 3469128.25207714
37.9254017733624 1009902.1829302 994613.835358529 3495483.98171127
38.1384390113784 997104.049621881 981105.725550324 3521790.22482779
38.3539594694722 984496.323976283 967466.314476115 3548037.3615476
38.5719829689168 972080.36410786 953703.759493817 3574215.87639832
38.7925305225518 959857.290020325 939826.310089814 3600316.39988986
39.0156246444424 947827.977798466 925842.275227222 3626329.74697431
39.2412896584039 935993.056467614 911759.991610255 3652246.95192213
39.4695520025366 924352.907458031 897587.793295239 3678059.29924673
39.7004405273292 912907.666559451 883333.983025544 3703758.350415
39.9339867853594 901657.228205475 869006.805607148 3729335.96618738
40.170225311137 890601.251889667 854614.423576658 3754784.32453367
40.4091938901662 879739.170485961 840164.895347143 3780095.9341669
40.6509338168367 869070.200225505 825666.155951677 3805263.64382282
40.8954901412656 858593.352070229 811126.000442298 3830280.64748747
41.142911905696 848307.444219817 796552.069944968 3855140.48583521
41.3932523714943 838211.115492443 781951.84032049 3879837.04418707
41.6465692381788 828302.83932962 767332.613338051 3904364.54733233
41.9029248562497 818580.93819075 752701.510232603 3928717.55157665
42.1623864358703 809043.598122075 738065.467489747 3952890.93438818
42.4250262536863 799688.883306724 723431.234681809 3976879.88201147
42.6909218602551 790514.750426205 708805.37416598 4000679.87540781
42.960156290707 781519.062688056 694194.26244889 4024286.67486305
43.2328182813783 772699.603398634 679604.093021041 4047696.30358032
43.5090024952508 764054.088983458 665040.880468246 4070905.0305483
43.7888097591137 755580.181379573 650510.465674641 4093909.35294579
44.0723473154391 747275.499744773 636018.521942196 4116705.97831303
44.3597290920425 739137.631446858 621570.561864068 4139291.80668907
44.6510759926856 731164.142312285 607171.944802966 4161663.91288475
44.946516211892 723352.586127679 592827.884840256 4183819.52903207
45.246185577376 715700.513399515 578543.459076422 4205756.02752406
45.5502279236558 708205.479387239 564323.616178168 4227470.90443459
45.8587955006274 700865.051433025 550173.185081681 4248961.76348529
46.1720494211328 693676.815617719 536096.883775101 4270226.30060718
46.4901601518641 686638.382777194 522099.328095889 4291262.28912692
46.813308052318 679747.393916813 508185.040490443 4312067.56559274
47.1416839669585 673001.525063906 494358.458693985 4332640.01624211
47.4754898762702 666398.491599471 480623.94429832 4352977.56410221
47.8149396130016 659936.052110774 466985.791183708 4373078.15670552
48.1602596506204 653612.011806359 453448.233798676 4392939.75439496
48.511689971845 647424.225534284 440015.455278364 4412560.31918735
48.8694850261029 641370.600443334 426691.595397862 4431937.8041588
49.2339147859067 635449.098325584 413480.758362171 4451070.14331224
49.6052659134734 629657.737677143 400387.020438872 4469955.24188398
49.9838430504629 623994.595512234 387414.43744349 4488590.96704428
50.3699702455191 618457.808964021 374567.05209094 4506975.13894504
50.7639925364078 613045.576703902 361848.901229401 4525105.5220667
51.1662777060153 607756.160209254 349264.022975565 4542979.81681518
51.5772182343617 602587.884908043 336816.463772558 4560595.6513194
51.9972334721884 597539.14122719 324510.285393931 4577950.57337888
52.4267720656832 592608.385570197 312349.571919061 4595042.04251074
52.8663146666434 587794.141248307 300338.436707136 4611867.42204456
53.3163769679955 583094.999388385 288481.02939869 4628423.97121292
53.7775131112716 578509.619839748 276781.542975349 4644708.8371849
54.2503195206238 574036.732101465 265244.220910257 4660719.04698828
54.7354392275229 569675.136290998 253873.364443396 4676451.49926561
55.233566761796 565423.70417467 242673.34001787 4691902.95580746
55.7454536985722 561281.380280165 231648.586915118 4707070.03280472
56.2719149675789 557247.183111191 220803.625128968 4721949.19175984
56.8138360518197 553320.206484452 210143.063520453 4736536.7299951
57.3721812278686 549499.621009309 199671.60829723 4750828.77069346
57.9480030310614 545784.675730759 189394.071863378 4764821.25240586
58.5424531672749 542174.699956764 179315.382086958 4778509.91795628
59.1567951407934 538669.105291341 169440.592034 4791890.30267466
59.7924189276025 535267.387895148 159774.890218132 4804957.72188672
60.4508580988122 531969.130995497 150323.611414582 4817707.25758992
61.1338098944341 528774.007667531 141092.248085112 4830133.74424736
61.843158869645 525681.783907627 132086.462455831 4842231.75363654
62.5810048923664 522692.322018446 123312.099281553 4853995.5787
63.3496964739476 519805.584322092 114775.199316788 4865419.21636112
64.1518706797517 517021.63721279 106482.013492121 4876496.34929509
64.990501215468 514340.655552372 98439.0177622386 4887220.32668539
65.8689567488571 511762.927399191 90652.9285431534 4897584.14405765
66.7910721492361 509288.859041766 83130.7185840807 4907580.42237415
67.7612361713698 506918.980279261 75879.6330133248 4917201.38670741
68.7845002684136 504653.949847361 68907.2051419926 4926438.84501065
69.8667148257688 502494.560823136 62221.2713814698 4935284.16779539
71.0147013673958 500441.745746018 55829.984296337 4943728.26995764
72.2364725076497 498496.581048428 49741.8223226817 4951761.59662889
73.5415160840205 496660.290175452 43965.5939552987 4959374.11586925
74.9411667645726 494934.244452249 38510.4331281473 4966555.3224196
76.4490986932162 493319.960275063 33385.7808991596 4973294.25882578
78.0819884126233 491819.09047034 28601.3461215086 4979579.56340815
79.860421746999 490433.406551101 24167.034098822 4985399.55935008
81.8101573297689 489164.766887402 20092.8265910037 4990742.40652159
83.9639233037163 488015.063162861 16388.5878757356 4995596.3489614
86.3640311944277 486986.133387923 13063.7581881812 4999950.1084239
89.0662775544005 486079.62338307 10126.8751868925 5003793.50143004
92.1459391262671 485296.768883409 7584.83245049046 5007118.3986661
95.7072919196385 484638.055851891 5441.73696217745 5009920.20718593
99.8992956586572 484102.696440534 3697.16275718935 5012200.14080228
104.942528854705 483687.835838442 2343.52727233823 5013968.63688922
111.177564940858 483387.402318961 1362.31056201971 5015250.28711902
119.155766789204 483190.614563837 719.174759309065 5016090.21067685
120 483173.55325997 663.408517273016 5016163.03822276
