0 0.143774747473368 0.353167763612894
0.0418879020478639 0.159448282095244 0.395468483405257
0.0837758040957278 0.176925433277743 0.439199012923214
0.125663706143592 0.196254941978192 0.483816343106326
0.167551608191456 0.217461542202338 0.528718996659617
0.20943951023932 0.240543749234279 0.573258733477052
0.251327412287183 0.265472182881262 0.616754334482448
0.293215314335047 0.292188505103263 0.658507080929691
0.335103216382911 0.320605033470641 0.69781745861818
0.376991118430775 0.350605070636707 0.734002545854123
0.418879020478639 0.382043966228623 0.766413494602828
0.460766922526503 0.414750902212683 0.794452489448092
0.502654824574367 0.448531366956292 0.817588570826096
0.544542726622231 0.483170258027375 0.835371738297648
0.586430628670095 0.518435530383035 0.847444805681386
0.628318530717959 0.554082286084289 0.853552560561395
0.670206432765822 0.589857184995902 0.853547882516715
0.712094334813686 0.625503043881266 0.847394592726224
0.75398223686155 0.660763484457277 0.835166936778265
0.795870138909414 0.695387489659878 0.817045736340211
0.837758040957278 0.729133731646581 0.793311377333739
0.879645943005142 0.761774544716387 0.764333926037234
0.921533845053006 0.793099430889869 0.730560774186842
0.96342174710087 0.822918004660847 0.692502304563275
1.00530964914873 0.851062305511767 0.650716135705723
1.0471975511966 0.87738843114119 0.605790545552782
1.08908545324446 0.901777469862233 0.558327687658787
1.13097335529233 0.924135736149283 0.508927200316493
1.17286125734019 0.944394337726781 0.458170769985187
1.21474915938805 0.962508124890365 0.406608148701362
1.25663706143592 0.978454092050752 0.354745044527566
1.29852496348378 0.992229317098784 0.303033209268087
1.34041286553165 1.00384853561869 0.251862943846347
1.38230076757951 1.01334145396128 0.201558134286369
1.42418866962737 1.02074990768918 0.152373825437423
1.46607657167524 1.02612497009513 0.10449624028987
1.5079644737231 1.02952410973551 0.0580450641659411
1.54985237577096 1.03100848673792 0.0130777386089217
1.59174027781883 1.03064046567832 -0.0304045481481876
1.63362817986669 1.02848140880544 -0.0724495272877941
1.67551608191456 1.02458979807792 -0.113145546993966
1.71740398396242 1.01901971863112 -0.152612680482671
1.75929188601028 1.01181972061893 -0.190993611215572
1.80117978805815 1.00303206152165 -0.228444635639167
1.84306769010601 0.992692317514554 -0.265127085827505
1.88495559215388 0.980829340776893 -0.301199427799313
1.92684349420174 0.967465529986829 -0.336810239073615
1.9687313962496 0.952617373864571 -0.372092214211779
2.01061929829747 0.936296222545124 -0.407157292448706
2.05250720034533 0.918509238722772 -0.442092949487714
2.0943951023932 0.899260479758826 -0.476959648142752
2.13628300444106 0.878552063053676 -0.511789401297475
2.17817090648892 0.85638536967185 -0.546585366650835
2.22005880853679 0.832762245159047 -0.581322366479405
2.26194671058465 0.807686161374731 -0.615948207260128
2.30383461263251 0.78116330865877 -0.650385663160118
2.34572251468038 0.753203593451876 -0.684534983486116
2.38761041672824 0.723821522324593 -0.718276786326058
2.42949831877611 0.693036959005975 -0.751475207779459
2.47138622082397 0.660875746253457 -0.783981187250955
2.51327412287183 0.627370189129451 -0.815635783151343
2.5551620249197 0.592559400353574 -0.846273428941586
2.59704992696756 0.556489511830885 -0.875725055794589
2.63893782901543 0.519213759202797 -0.90382102439598
2.68082573106329 0.480792448347343 -0.930393823870811
2.72271363311115 0.44129281421346 -0.955280509981998
2.76460153515902 0.400788783272915 -0.978324867232252
2.80648943720688 0.359360651288469 -0.999379290097711
2.84837733925475 0.317094688109255 -1.01830638724421
2.89026524130261 0.274082680896591 -1.03498031925376
2.93215314335047 0.230421426634818 -1.04928788523501
2.97404104539834 0.186212184065499 -1.06112937688732
3.0159289474462 0.141560094363821 -1.07041922035706
3.05781684949407 0.0965735790081754 -1.07708642681039
3.09970475154193 0.0513637224218416 -1.08107487229916
3.14159265358979 0.00604364612358122 -1.08234342645564
3.18348055563766 -0.0392721196639333 -1.08086594803729
3.22536845768552 -0.0844682617169128 -1.07663116354917
3.26725635973338 -0.129429302233406 -1.06964244326034
3.30914426178125 -0.174040205945034 -1.05991748703308
3.35103216382911 -0.2181869723684 -1.04748793059684
3.39292006587698 -0.26175721005803 -1.032398881293
3.43480796792484 -0.304640690071012 -1.01470839093257
3.4766958699727 -0.346729876148838 -0.994486872268342
3.51858377202057 -0.387920429374684 -0.971816464686968
3.56047167406843 -0.428111685284502 -0.946790354063443
3.6023595761163 -0.467207101607182 -0.919512051268624
3.64424747816416 -0.50511467499091 -0.890094633551269
3.68613538021202 -0.541747325246729 -0.858659952897937
3.72802328225989 -0.577023245811865 -0.825337815473971
3.76991118430775 -0.61086621930877 -0.790265136334644
3.81179908635562 -0.643205897254143 -0.753585073737575
3.85368698840348 -0.673978043157168 -0.715446147558958
3.89557489045134 -0.703124738438508 -0.676001346493903
3.93746279249921 -0.73059455080119 -0.635407228886206
3.97935069454707 -0.756342664890477 -0.59382302216966
4.02123859659493 -0.78033097529067 -0.551409726000179
4.0631264986428 -0.802528142120779 -0.508329224207091
4.10501440069066 -0.822909609705904 -0.46474341068786
4.14690230273853 -0.841457589014771 -0.420813334310393
4.18879020478639 -0.858161004763724 -0.376698367770656
4.23067810683425 -0.873015408291353 -0.33255540518167
4.27256600888212 -0.886022857503438 -0.288538092945925
4.31445391092998 -0.897191765373064 -0.244796098190558
4.35634181297785 -0.906536718653487 -0.201474418727989
4.39822971502571 -0.914078268620024 -0.158712738149264
4.44011761707357 -0.9198426958003 -0.11664482926875
4.48200551912144 -0.923861750778382 -0.075398008722855
4.5238934211693 -0.926172373266628 -0.0350926450880784
4.56578132321717 -0.926816391728719 0.0041582775692447
4.60766922526503 -0.925840205907778 0.042249539261881
4.64955712731289 -0.923294454664437 0.0790840057865387
4.69144502936076 -0.919233671561088 0.114572892047567
4.73333293140862 -0.913715930640591 0.148635966941924
4.77522083345649 -0.906802484840662 0.181201700196304
4.81710873550435 -0.898557399459662 0.212207351980393
4.85899663755221 -0.889047183046276 0.24159900653396
4.90088453960008 -0.878340418025419 0.269331551436193
4.94277244164794 -0.866507393296794 0.29536860451024
4.98466034369581 -0.853619740951905 0.319682390691525
5.02654824574367 -0.839750079151296 0.342253571492732
5.06843614779153 -0.824971663087705 0.363071029969525
5.1103240498394 -0.809358045834104 0.382131614327649
5.15221195188726 -0.792982750739701 0.399439843512955
5.19409985393512 -0.775918956893441 0.415007578290583
5.23598775598299 -0.758239199024848 0.428853661447797
5.27787565803085 -0.740015083057774 0.441003530846962
5.31976356007872 -0.721317018375206 0.451488809111499
5.36165146212658 -0.702213967694268 0.460346873749282
5.40353936417444 -0.682773215291319 0.467620411506008
5.44542726622231 -0.663060154158997 0.473356960697257
5.48731516827017 -0.643138092521505 0.477608445193881
5.52920307031804 -0.623068079982504 0.480430703633264
5.5710909723659 -0.602908753432999 0.481883017300929
5.61297887441376 -0.582716202705348 0.482027639975419
5.65486677646163 -0.562543855825185 0.480929332856892
5.69675467850949 -0.542442383586256 0.478654907509
5.73864258055735 -0.522459623054718 0.4752727795371
5.78053048260522 -0.502640519499988 0.470852535506402
5.82241838465308 -0.48302708614907 0.465464515373913
5.86430628670095 -0.463658381071053 0.459179412470844
5.90619418874881 -0.444570500418191 0.452067892829869
5.94808209079667 -0.425796587179922 0.444200235407088
5.98996999284454 -0.407366854546414 0.435645994503901
6.0318578948924 -0.389308622928629 0.426473685451757
6.07374579694027 -0.371646369642366 0.416750494384842
6.11563369898813 -0.354401790234058 0.406542012694418
6.15752160103599 -0.337593870405956 0.395911996535258
6.19940950308386 -0.321238967487276 0.384922151541318
6.24129740513172 -0.305350900395634 0.37363194270562
