0 0
0.125663706143592 0.125333233564304
0.251327412287183 0.248689887164855
0.376991118430775 0.368124552684678
0.502654824574367 0.481753674101715
0.628318530717959 0.587785252292473
0.75398223686155 0.684547105928689
0.879645943005142 0.770513242775789
1.00530964914873 0.844327925502015
1.13097335529233 0.90482705246602
1.25663706143592 0.951056516295154
1.38230076757951 0.982287250728689
1.5079644737231 0.998026728428272
1.63362817986669 0.998026728428272
1.75929188601028 0.982287250728689
1.88495559215388 0.951056516295154
2.01061929829747 0.904827052466019
2.13628300444106 0.844327925502015
2.26194671058465 0.770513242775789
2.38761041672824 0.684547105928689
2.51327412287183 0.587785252292473
2.63893782901543 0.481753674101715
2.76460153515902 0.368124552684678
2.89026524130261 0.248689887164855
3.0159289474462 0.125333233564304
3.14159265358979 -3.21628574467825E-16
3.26725635973339 -0.125333233564304
3.39292006587698 -0.248689887164855
3.51858377202057 -0.368124552684678
3.64424747816416 -0.481753674101715
3.76991118430775 -0.587785252292473
3.89557489045134 -0.684547105928689
4.02123859659494 -0.770513242775789
4.14690230273853 -0.844327925502015
4.27256600888212 -0.90482705246602
4.39822971502571 -0.951056516295154
4.5238934211693 -0.982287250728689
4.64955712731289 -0.998026728428272
4.77522083345649 -0.998026728428272
4.90088453960008 -0.982287250728689
5.02654824574367 -0.951056516295154
5.15221195188726 -0.90482705246602
5.27787565803085 -0.844327925502015
5.40353936417444 -0.770513242775789
5.52920307031804 -0.684547105928688
5.65486677646163 -0.587785252292473
5.78053048260522 -0.481753674101715
5.90619418874881 -0.368124552684678
6.0318578948924 -0.248689887164854
6.157521601036 -0.125333233564304
